7.261323e+06 3.170979e-09 1.220823e+10 5.912398e+48 4.631734e+36
7.260563e+06 6.341958e-09 1.220500e+10 5.765926e+48 4.629794e+36
7.259804e+06 9.512938e-09 1.220177e+10 5.625698e+48 4.627858e+36
7.259046e+06 1.268392e-08 1.219854e+10 5.491340e+48 4.625926e+36
7.258289e+06 1.585490e-08 1.219533e+10 5.362506e+48 4.623999e+36
7.257534e+06 1.902588e-08 1.219212e+10 5.238877e+48 4.622075e+36
7.256780e+06 2.219685e-08 1.218891e+10 5.120157e+48 4.620155e+36
7.256028e+06 2.536783e-08 1.218571e+10 5.006071e+48 4.618239e+36
7.255277e+06 2.853881e-08 1.218252e+10 4.896366e+48 4.616327e+36
7.254527e+06 3.170979e-08 1.217934e+10 4.790804e+48 4.614418e+36
7.253778e+06 3.488077e-08 1.217616e+10 4.689165e+48 4.612514e+36
7.253031e+06 3.805175e-08 1.217298e+10 4.591244e+48 4.610614e+36
7.252285e+06 4.122273e-08 1.216981e+10 4.496849e+48 4.608717e+36
7.251541e+06 4.439371e-08 1.216665e+10 4.405802e+48 4.606825e+36
7.250797e+06 4.756469e-08 1.216349e+10 4.317935e+48 4.604936e+36
7.250055e+06 5.073567e-08 1.216034e+10 4.233092e+48 4.603051e+36
7.249314e+06 5.390665e-08 1.215720e+10 4.151126e+48 4.601170e+36
7.248575e+06 5.707763e-08 1.215406e+10 4.071900e+48 4.599292e+36
7.247836e+06 6.024860e-08 1.215093e+10 3.995284e+48 4.597419e+36
7.247099e+06 6.341958e-08 1.214780e+10 3.921157e+48 4.595549e+36
7.246364e+06 6.659056e-08 1.214468e+10 3.849406e+48 4.593683e+36
7.245629e+06 6.976154e-08 1.214156e+10 3.779922e+48 4.591821e+36
7.244896e+06 7.293252e-08 1.213845e+10 3.712606e+48 4.589962e+36
7.244164e+06 7.610350e-08 1.213535e+10 3.647360e+48 4.588108e+36
7.243433e+06 7.927448e-08 1.213225e+10 3.584097e+48 4.586256e+36
7.242703e+06 8.244546e-08 1.212916e+10 3.522729e+48 4.584409e+36
7.241975e+06 8.561644e-08 1.212607e+10 3.463179e+48 4.582565e+36
7.241248e+06 8.878742e-08 1.212299e+10 3.405368e+48 4.580725e+36
7.240522e+06 9.195840e-08 1.211992e+10 3.349227e+48 4.578889e+36
7.239798e+06 9.512938e-08 1.211685e+10 3.294686e+48 4.577056e+36
7.239074e+06 9.830036e-08 1.211379e+10 3.241681e+48 4.575228e+36
7.238352e+06 1.014713e-07 1.211073e+10 3.190152e+48 4.573402e+36
7.231260e+06 1.331811e-07 1.208072e+10 2.772425e+48 4.555504e+36
7.224285e+06 1.648909e-07 1.205125e+10 2.439398e+48 4.537953e+36
7.217423e+06 1.966007e-07 1.202230e+10 2.168969e+48 4.520738e+36
7.210678e+06 2.283105e-07 1.199388e+10 1.945874e+48 4.503860e+36
7.204044e+06 2.600203e-07 1.196598e+10 1.759289e+48 4.487308e+36
7.197518e+06 2.917301e-07 1.193856e+10 1.601361e+48 4.471071e+36
7.191095e+06 3.234399e-07 1.191162e+10 1.466273e+48 4.455134e+36
7.184772e+06 3.551497e-07 1.188513e+10 1.349641e+48 4.439484e+36
7.178545e+06 3.868595e-07 1.185908e+10 1.248102e+48 4.424113e+36
7.172411e+06 4.185693e-07 1.183345e+10 1.159043e+48 4.409011e+36
7.166368e+06 4.502790e-07 1.180823e+10 1.080404e+48 4.394171e+36
7.160413e+06 4.819888e-07 1.178342e+10 1.010544e+48 4.379584e+36
7.154544e+06 5.136986e-07 1.175899e+10 9.481387e+47 4.365243e+36
7.148758e+06 5.454084e-07 1.173494e+10 8.921111e+47 4.351140e+36
7.143054e+06 5.771182e-07 1.171125e+10 8.415769e+47 4.337268e+36
7.137429e+06 6.088280e-07 1.168793e+10 7.958035e+47 4.323621e+36
7.131880e+06 6.405378e-07 1.166494e+10 7.541798e+47 4.310193e+36
7.126406e+06 6.722476e-07 1.164230e+10 7.161922e+47 4.296976e+36
7.121006e+06 7.039574e-07 1.161998e+10 6.814064e+47 4.283965e+36
7.115676e+06 7.356672e-07 1.159799e+10 6.494528e+47 4.271154e+36
7.110416e+06 7.673770e-07 1.157630e+10 6.200152e+47 4.258538e+36
7.105223e+06 7.990868e-07 1.155491e+10 5.928214e+47 4.246112e+36
7.100096e+06 8.307965e-07 1.153383e+10 5.676343e+47 4.233870e+36
7.095034e+06 8.625063e-07 1.151302e+10 5.442513e+47 4.221808e+36
7.090034e+06 8.942161e-07 1.149250e+10 5.224947e+47 4.209921e+36
7.085096e+06 9.259259e-07 1.147226e+10 5.022082e+47 4.198204e+36
7.080217e+06 9.576357e-07 1.145227e+10 4.832548e+47 4.186653e+36
7.075397e+06 9.893455e-07 1.143255e+10 4.655133e+47 4.175264e+36
7.070635e+06 1.021055e-06 1.141309e+10 4.488765e+47 4.164033e+36
7.028626e+06 1.338153e-06 1.124226e+10 3.435892e+47 4.065952e+36
6.990368e+06 1.655251e-06 1.108803e+10 2.725576e+47 3.978146e+36
6.955320e+06 1.972349e-06 1.094787e+10 2.225719e+47 3.898962e+36
6.923126e+06 2.289447e-06 1.082008e+10 1.860677e+47 3.827274e+36
6.893368e+06 2.606545e-06 1.070276e+10 1.585529e+47 3.761893e+36
6.865723e+06 2.923643e-06 1.059447e+10 1.372535e+47 3.701909e+36
6.839926e+06 3.240741e-06 1.049401e+10 1.203886e+47 3.646583e+36
6.815756e+06 3.557839e-06 1.040042e+10 1.067727e+47 3.595314e+36
6.793031e+06 3.874937e-06 1.031288e+10 9.559607e+46 3.547603e+36
6.771596e+06 4.192035e-06 1.023072e+10 8.628907e+46 3.503037e+36
6.751319e+06 4.509132e-06 1.015337e+10 7.843916e+46 3.461267e+36
6.732088e+06 4.826230e-06 1.008033e+10 7.174702e+46 3.421998e+36
6.713830e+06 5.143328e-06 1.001128e+10 6.598628e+46 3.385025e+36
6.696489e+06 5.460426e-06 9.945972e+09 6.098425e+46 3.350189e+36
6.679983e+06 5.777524e-06 9.884042e+09 5.660726e+46 3.317278e+36
6.664225e+06 6.094622e-06 9.825141e+09 5.275053e+46 3.286088e+36
6.649155e+06 6.411720e-06 9.769011e+09 4.933132e+46 3.256466e+36
6.634719e+06 6.728818e-06 9.715421e+09 4.628202e+46 3.228277e+36
6.620867e+06 7.045916e-06 9.664167e+09 4.354839e+46 3.201400e+36
6.607555e+06 7.363014e-06 9.615066e+09 4.108605e+46 3.175730e+36
6.594744e+06 7.680112e-06 9.567957e+09 3.885833e+46 3.151174e+36
6.582399e+06 7.997210e-06 9.522695e+09 3.683471e+46 3.127645e+36
6.570490e+06 8.314307e-06 9.479150e+09 3.498963e+46 3.105071e+36
6.558986e+06 8.631405e-06 9.437205e+09 3.330124e+46 3.083383e+36
6.547863e+06 8.948503e-06 9.396754e+09 3.175142e+46 3.062520e+36
6.537097e+06 9.265601e-06 9.357702e+09 3.032462e+46 3.042428e+36
6.526667e+06 9.582699e-06 9.319960e+09 2.900739e+46 3.023057e+36
6.516552e+06 9.899797e-06 9.283450e+09 2.778813e+46 3.004361e+36
6.506736e+06 1.021689e-05 9.248098e+09 2.665677e+46 2.986299e+36
6.497201e+06 1.053399e-05 9.213839e+09 2.560454e+46 2.968833e+36
6.487932e+06 1.085109e-05 9.180610e+09 2.462379e+46 2.951928e+36
6.478916e+06 1.116819e-05 9.148357e+09 2.370778e+46 2.935554e+36
6.470140e+06 1.148529e-05 9.117026e+09 2.285057e+46 2.919680e+36
6.461599e+06 1.180238e-05 9.086597e+09 2.204690e+46 2.904293e+36
6.453285e+06 1.211948e-05 9.057040e+09 2.129213e+46 2.889376e+36
6.445189e+06 1.243658e-05 9.028308e+09 2.058214e+46 2.874902e+36
6.437297e+06 1.275368e-05 9.000359e+09 1.991320e+46 2.860849e+36
6.429602e+06 1.307078e-05 8.973154e+09 1.928202e+46 2.847194e+36
6.422094e+06 1.338787e-05 8.946658e+09 1.868562e+46 2.833917e+36
6.414763e+06 1.370497e-05 8.920835e+09 1.812131e+46 2.821000e+36
6.407603e+06 1.402207e-05 8.895656e+09 1.758669e+46 2.808426e+36
6.400605e+06 1.433917e-05 8.871090e+09 1.707957e+46 2.796178e+36
6.393763e+06 1.465627e-05 8.847111e+09 1.659795e+46 2.784241e+36
6.387071e+06 1.497336e-05 8.823692e+09 1.614000e+46 2.772601e+36
6.380521e+06 1.529046e-05 8.800809e+09 1.570409e+46 2.761246e+36
6.374108e+06 1.560756e-05 8.778441e+09 1.528870e+46 2.750162e+36
6.367827e+06 1.592466e-05 8.756566e+09 1.489246e+46 2.739338e+36
6.361673e+06 1.624176e-05 8.735163e+09 1.451419e+46 2.728763e+36
6.355640e+06 1.655885e-05 8.714215e+09 1.415274e+46 2.718428e+36
6.349725e+06 1.687595e-05 8.693703e+09 1.380706e+46 2.708321e+36
6.343922e+06 1.719305e-05 8.673611e+09 1.347619e+46 2.698435e+36
6.338229e+06 1.751015e-05 8.653923e+09 1.315922e+46 2.688761e+36
6.332640e+06 1.782725e-05 8.634623e+09 1.285534e+46 2.679290e+36
6.327152e+06 1.814434e-05 8.615699e+09 1.256378e+46 2.670015e+36
6.321762e+06 1.846144e-05 8.597136e+09 1.228384e+46 2.660928e+36
6.316467e+06 1.877854e-05 8.578923e+09 1.201486e+46 2.652024e+36
6.311262e+06 1.909564e-05 8.561045e+09 1.175625e+46 2.643294e+36
6.306147e+06 1.941273e-05 8.543494e+09 1.150744e+46 2.634734e+36
6.301116e+06 1.972983e-05 8.526257e+09 1.126790e+46 2.626338e+36
6.296169e+06 2.004693e-05 8.509324e+09 1.103714e+46 2.618099e+36
6.291301e+06 2.036403e-05 8.492685e+09 1.081472e+46 2.610012e+36
6.286512e+06 2.068113e-05 8.476332e+09 1.060020e+46 2.602074e+36
6.281798e+06 2.099822e-05 8.460256e+09 1.039322e+46 2.594278e+36
6.277158e+06 2.131532e-05 8.444448e+09 1.019338e+46 2.586620e+36
6.272588e+06 2.163242e-05 8.428900e+09 1.000032e+46 2.579097e+36
6.268089e+06 2.194952e-05 8.413605e+09 9.813723e+45 2.571704e+36
6.263656e+06 2.226662e-05 8.398555e+09 9.633272e+45 2.564438e+36
6.242450e+06 2.385211e-05 8.326779e+09 8.813791e+45 2.529885e+36
6.222724e+06 2.543760e-05 8.260348e+09 8.111444e+45 2.498059e+36
6.200799e+06 2.734018e-05 8.186888e+09 7.391695e+45 2.463038e+36
6.180494e+06 2.924277e-05 8.119213e+09 6.779029e+45 2.430936e+36
6.158571e+06 3.146246e-05 8.046523e+09 6.171178e+45 2.396627e+36
6.138286e+06 3.368214e-05 7.979615e+09 5.654693e+45 2.365206e+36
6.116823e+06 3.621892e-05 7.909192e+09 5.152539e+45 2.332300e+36
6.096945e+06 3.875571e-05 7.844303e+09 4.724778e+45 2.302129e+36
6.076212e+06 4.160959e-05 7.776968e+09 4.314172e+45 2.270974e+36
6.056972e+06 4.446347e-05 7.714799e+09 3.963372e+45 2.242348e+36
6.037111e+06 4.763445e-05 7.650936e+09 3.629516e+45 2.213081e+36
6.016858e+06 5.112253e-05 7.586146e+09 3.316438e+45 2.183533e+36
5.996440e+06 5.492770e-05 7.521162e+09 3.026147e+45 2.154044e+36
5.977600e+06 5.873288e-05 7.461501e+09 2.778409e+45 2.127100e+36
5.957308e+06 6.317225e-05 7.397563e+09 2.532019e+45 2.098364e+36
5.938584e+06 6.761162e-05 7.338862e+09 2.322173e+45 2.072107e+36
5.920013e+06 7.236809e-05 7.280918e+09 2.129478e+45 2.046309e+36
5.900566e+06 7.775875e-05 7.220538e+09 1.943103e+45 2.019553e+36
5.882582e+06 8.314942e-05 7.164972e+09 1.783918e+45 1.995044e+36
5.863969e+06 8.917428e-05 7.107738e+09 1.631635e+45 1.969914e+36
5.845840e+06 9.551624e-05 7.052254e+09 1.494638e+45 1.945666e+36
5.825120e+06 1.034437e-04 6.989166e+09 1.350759e+45 1.918227e+36
5.809915e+06 1.097856e-04 6.943087e+09 1.253272e+45 1.898277e+36
5.788802e+06 1.192986e-04 6.879409e+09 1.128482e+45 1.870834e+36
5.769498e+06 1.288115e-04 6.821499e+09 1.023980e+45 1.846004e+36
5.751743e+06 1.383245e-04 6.768495e+09 9.353575e+44 1.823385e+36
5.735317e+06 1.478374e-04 6.719681e+09 8.593786e+44 1.802645e+36
5.720044e+06 1.573503e-04 6.674486e+09 7.936215e+44 1.783520e+36
5.705781e+06 1.668633e-04 6.632446e+09 7.362293e+44 1.765797e+36
5.688134e+06 1.795472e-04 6.580655e+09 6.702488e+44 1.744054e+36
5.671849e+06 1.922311e-04 6.533077e+09 6.139487e+44 1.724166e+36
5.653132e+06 2.080860e-04 6.478654e+09 5.543782e+44 1.701520e+36
5.639295e+06 2.207699e-04 6.438596e+09 5.136369e+44 1.684922e+36
5.623226e+06 2.366248e-04 6.392267e+09 4.694967e+44 1.665800e+36
5.605502e+06 2.556507e-04 6.341398e+09 4.246560e+44 1.644897e+36
5.589236e+06 2.746766e-04 6.294931e+09 3.868172e+44 1.625887e+36
5.574226e+06 2.937024e-04 6.252233e+09 3.545065e+44 1.608491e+36
5.560307e+06 3.127283e-04 6.212797e+09 3.266403e+44 1.592486e+36
5.545259e+06 3.349252e-04 6.170334e+09 2.986543e+44 1.575317e+36
5.529414e+06 3.602930e-04 6.125809e+09 2.714431e+44 1.557388e+36
5.514807e+06 3.856608e-04 6.084938e+09 2.482858e+44 1.540997e+36
5.499646e+06 4.141996e-04 6.042689e+09 2.260271e+44 1.524121e+36
5.485645e+06 4.427385e-04 6.003833e+09 2.069918e+44 1.508660e+36
5.471264e+06 4.744482e-04 5.964078e+09 1.888930e+44 1.492901e+36
5.456675e+06 5.093290e-04 5.923913e+09 1.719228e+44 1.477042e+36
5.442024e+06 5.473808e-04 5.883743e+09 1.562260e+44 1.461243e+36
5.428507e+06 5.854325e-04 5.846826e+09 1.428623e+44 1.446779e+36
5.413969e+06 6.298262e-04 5.807278e+09 1.296072e+44 1.431342e+36
5.400570e+06 6.742199e-04 5.770973e+09 1.183527e+44 1.417225e+36
5.387304e+06 7.217846e-04 5.735165e+09 1.080409e+44 1.403352e+36
5.374227e+06 7.725203e-04 5.699997e+09 9.862578e+43 1.389775e+36
5.360655e+06 8.295979e-04 5.663638e+09 8.960570e+43 1.375790e+36
5.347455e+06 8.898465e-04 5.628408e+09 8.153081e+43 1.362288e+36
5.334627e+06 9.532661e-04 5.594301e+09 7.430492e+43 1.349264e+36
5.320005e+06 1.032541e-03 5.555575e+09 6.676822e+43 1.334531e+36
5.309299e+06 1.095960e-03 5.527325e+09 6.168707e+43 1.323821e+36
5.294454e+06 1.191090e-03 5.488294e+09 5.521202e+43 1.309077e+36
5.280856e+06 1.286219e-03 5.452691e+09 4.981611e+43 1.295681e+36
5.272391e+06 1.349639e-03 5.430597e+09 4.669642e+43 1.287393e+36
5.256696e+06 1.476478e-03 5.389776e+09 4.137324e+43 1.272131e+36
5.245861e+06 1.571607e-03 5.361705e+09 3.802518e+43 1.261675e+36
5.235716e+06 1.666736e-03 5.335502e+09 3.511657e+43 1.251944e+36
5.223121e+06 1.793576e-03 5.303078e+09 3.179294e+43 1.239940e+36
5.211444e+06 1.920415e-03 5.273127e+09 2.897697e+43 1.228890e+36
5.197948e+06 2.078964e-03 5.238635e+09 2.601260e+43 1.216210e+36
5.187904e+06 2.205803e-03 5.213052e+09 2.399590e+43 1.206836e+36
5.176120e+06 2.364352e-03 5.183138e+09 2.182586e+43 1.195909e+36
5.162950e+06 2.554611e-03 5.149827e+09 1.963438e+43 1.183784e+36
5.152671e+06 2.713160e-03 5.123918e+09 1.808197e+43 1.174385e+36
5.141050e+06 2.903418e-03 5.094722e+09 1.648111e+43 1.163826e+36
5.128342e+06 3.125387e-03 5.062910e+09 1.490132e+43 1.152361e+36
5.116415e+06 3.347355e-03 5.033163e+09 1.356586e+43 1.141678e+36
5.103584e+06 3.601034e-03 5.001281e+09 1.227556e+43 1.130269e+36
5.091469e+06 3.854712e-03 4.971287e+09 1.118376e+43 1.119574e+36
5.078542e+06 4.140100e-03 4.939405e+09 1.014285e+43 1.108247e+36
5.066225e+06 4.425488e-03 4.909144e+09 9.259034e+42 1.097535e+36
5.053131e+06 4.742586e-03 4.877097e+09 8.423192e+42 1.086233e+36
5.039315e+06 5.091394e-03 4.843419e+09 7.644757e+42 1.074401e+36
5.025996e+06 5.440202e-03 4.811087e+09 6.983574e+42 1.063088e+36
5.010775e+06 5.852429e-03 4.774298e+09 6.321401e+42 1.050268e+36
4.995987e+06 6.264656e-03 4.738720e+09 5.761406e+42 1.037925e+36
4.980364e+06 6.708593e-03 4.701306e+09 5.248136e+42 1.025003e+36
4.963832e+06 7.184240e-03 4.661911e+09 4.780286e+42 1.011460e+36
4.945270e+06 7.723307e-03 4.617917e+09 4.331248e+42 9.964157e+35
4.926822e+06 8.262373e-03 4.574443e+09 3.950754e+42 9.816304e+35
4.906286e+06 8.864859e-03 4.526342e+09 3.589918e+42 9.653663e+35
4.884735e+06 9.499055e-03 4.476193e+09 3.268218e+42 9.485161e+35
4.856858e+06 1.032351e-02 4.411823e+09 2.921508e+42 9.270479e+35
4.835563e+06 1.095771e-02 4.363031e+09 2.698340e+42 9.108957e+35
4.803649e+06 1.190900e-02 4.290523e+09 2.414168e+42 8.870857e+35
4.782203e+06 1.254320e-02 4.242211e+09 2.252244e+42 8.713500e+35
4.749904e+06 1.349449e-02 4.170072e+09 2.042268e+42 8.480466e+35
4.717631e+06 1.444578e-02 4.098738e+09 1.864214e+42 8.252327e+35
4.674904e+06 1.571417e-02 4.005439e+09 1.665450e+42 7.957401e+35
4.643203e+06 1.666547e-02 3.937056e+09 1.539382e+42 7.743749e+35
4.601210e+06 1.793386e-02 3.847564e+09 1.395396e+42 7.467389e+35
4.559712e+06 1.920225e-02 3.760347e+09 1.273310e+42 7.201619e+35
4.518898e+06 2.047064e-02 3.675746e+09 1.168660e+42 6.947215e+35
4.468999e+06 2.205613e-02 3.573890e+09 1.057409e+42 6.645409e+35
4.420376e+06 2.364162e-02 3.476298e+09 9.635026e+41 6.360881e+35
4.373184e+06 2.522711e-02 3.383138e+09 8.833346e+41 6.093565e+35
4.318560e+06 2.712970e-02 3.277212e+09 8.015039e+41 5.794775e+35
4.266094e+06 2.903229e-02 3.177382e+09 7.321258e+41 5.518259e+35
4.207576e+06 3.125197e-02 3.068235e+09 6.634959e+41 5.221661e+35
4.151900e+06 3.347166e-02 2.966521e+09 6.053892e+41 4.950716e+35
4.098951e+06 3.569134e-02 2.871708e+09 5.556722e+41 4.702964e+35
4.034670e+06 3.854522e-02 2.759096e+09 5.015083e+41 4.414817e+35
3.980891e+06 4.108201e-02 2.666969e+09 4.607078e+41 4.184097e+35
3.917804e+06 4.425299e-02 2.561298e+09 4.173396e+41 3.925105e+35
3.857664e+06 4.742397e-02 2.465048e+09 3.806745e+41 3.689589e+35
3.801315e+06 5.059495e-02 2.377178e+09 3.493059e+41 3.478691e+35
3.738489e+06 5.440012e-02 2.281436e+09 3.172434e+41 3.254357e+35
3.680373e+06 5.820530e-02 2.194946e+09 2.900331e+41 3.056666e+35
3.621945e+06 6.232757e-02 2.110363e+09 2.649069e+41 2.867135e+35
3.559517e+06 6.708404e-02 2.022937e+09 2.403553e+41 2.674513e+35
3.502433e+06 7.184051e-02 1.944896e+09 2.195558e+41 2.507032e+35
3.446710e+06 7.691407e-02 1.870453e+09 2.006389e+41 2.351253e+35
3.389518e+06 8.262184e-02 1.795984e+09 1.825631e+41 2.199036e+35
3.334880e+06 8.832960e-02 1.729990e+09 1.671854e+41 2.060637e+35
3.279910e+06 9.467156e-02 1.665001e+09 1.526098e+41 1.928094e+35
3.214506e+06 1.032332e-01 1.589508e+09 1.362946e+41 1.778843e+35
3.171769e+06 1.095752e-01 1.541246e+09 1.261849e+41 1.686113e+35
3.113717e+06 1.190881e-01 1.477719e+09 1.132893e+41 1.566020e+35
3.078825e+06 1.254301e-01 1.440365e+09 1.059186e+41 1.496996e+35
3.031520e+06 1.349430e-01 1.390574e+09 9.633406e+40 1.407091e+35
2.989469e+06 1.444559e-01 1.347136e+09 8.818083e+40 1.330628e+35
2.940155e+06 1.571398e-01 1.297263e+09 7.905202e+40 1.244978e+35
2.906640e+06 1.666528e-01 1.264860e+09 7.324180e+40 1.189175e+35
2.866994e+06 1.793367e-01 1.227108e+09 6.658818e+40 1.125609e+35
2.832209e+06 1.920206e-01 1.194499e+09 6.094200e+40 1.071968e+35
2.801486e+06 2.047045e-01 1.166096e+09 5.609133e+40 1.026205e+35
2.767849e+06 2.205594e-01 1.135429e+09 5.091596e+40 9.778009e+34
2.738589e+06 2.364143e-01 1.109152e+09 4.652859e+40 9.371044e+34
2.712686e+06 2.522692e-01 1.086465e+09 4.276796e+40 9.021498e+34
2.685670e+06 2.712951e-01 1.063073e+09 3.891646e+40 8.667452e+34
2.662314e+06 2.903210e-01 1.043071e+09 3.563982e+40 8.369853e+34
2.641976e+06 3.093468e-01 1.025820e+09 3.282261e+40 8.117010e+34
2.618707e+06 3.347147e-01 1.006275e+09 2.963535e+40 7.834808e+34
2.601309e+06 3.569115e-01 9.917928e+08 2.727404e+40 7.628658e+34
2.584181e+06 3.822794e-01 9.776468e+08 2.495660e+40 7.429716e+34
2.567789e+06 4.108182e-01 9.642115e+08 2.273687e+40 7.242992e+34
2.553875e+06 4.393570e-01 9.528860e+08 2.084363e+40 7.087276e+34
2.540203e+06 4.710668e-01 9.423190e+08 1.904527e+40 6.936723e+34
2.527602e+06 5.059476e-01 9.326379e+08 1.736271e+40 6.800101e+34
2.517051e+06 5.408283e-01 9.245716e+08 1.592740e+40 6.687265e+34
2.506688e+06 5.820511e-01 9.166847e+08 1.448439e+40 6.577818e+34
2.498142e+06 6.232738e-01 9.102069e+08 1.325952e+40 6.488574e+34
2.490543e+06 6.676675e-01 9.044669e+08 1.213154e+40 6.409984e+34
2.483856e+06 7.152322e-01 8.994313e+08 1.109873e+40 6.341418e+34
2.478021e+06 7.659679e-01 8.950487e+08 1.015709e+40 6.282034e+34
2.472693e+06 8.230455e-01 8.910576e+08 9.254711e+39 6.228186e+34
2.468371e+06 8.801231e-01 8.878261e+08 8.485050e+39 6.184750e+34
2.464462e+06 9.435427e-01 8.849089e+08 7.754087e+39 6.145665e+34
2.460216e+06 1.032330e+00 8.817459e+08 6.907270e+39 6.103422e+34
2.457826e+06 1.095750e+00 8.799683e+08 6.401712e+39 6.079743e+34
2.454850e+06 1.190879e+00 8.777572e+08 5.754891e+39 6.050350e+34
2.453176e+06 1.254299e+00 8.765144e+08 5.384159e+39 6.033860e+34
2.451009e+06 1.349428e+00 8.749075e+08 4.900837e+39 6.012570e+34
2.449154e+06 1.444557e+00 8.735335e+08 4.488700e+39 5.994394e+34
2.447531e+06 1.539687e+00 8.723316e+08 4.134031e+39 5.978518e+34
2.445632e+06 1.666526e+00 8.709263e+08 3.731723e+39 5.959979e+34
2.443955e+06 1.793365e+00 8.696870e+08 3.393119e+39 5.943654e+34
2.442445e+06 1.920204e+00 8.685711e+08 3.104761e+39 5.928972e+34
2.441062e+06 2.047043e+00 8.675506e+08 2.856658e+39 5.915561e+34
2.439476e+06 2.205592e+00 8.663804e+08 2.591808e+39 5.900201e+34
2.438016e+06 2.364141e+00 8.653039e+08 2.367240e+39 5.886087e+34
2.436658e+06 2.522690e+00 8.643036e+08 2.174601e+39 5.872988e+34
2.435141e+06 2.712949e+00 8.631861e+08 1.977013e+39 5.858369e+34
2.433725e+06 2.903208e+00 8.621442e+08 1.808758e+39 5.844756e+34
2.432395e+06 3.093467e+00 8.611662e+08 1.663980e+39 5.831992e+34
2.430937e+06 3.315435e+00 8.600945e+08 1.518939e+39 5.818019e+34
2.429376e+06 3.569113e+00 8.589479e+08 1.378368e+39 5.803089e+34
2.427911e+06 3.822792e+00 8.578728e+08 1.258992e+39 5.789106e+34
2.426529e+06 4.076470e+00 8.568596e+08 1.156492e+39 5.775941e+34
2.424904e+06 4.393568e+00 8.556681e+08 1.047306e+39 5.760480e+34
2.423376e+06 4.710666e+00 8.545487e+08 9.548695e+38 5.745973e+34
2.421932e+06 5.027764e+00 8.534917e+08 8.757617e+38 5.732291e+34
2.420295e+06 5.408281e+00 8.522946e+08 7.948593e+38 5.716814e+34
2.418749e+06 5.788799e+00 8.511644e+08 7.260978e+38 5.702221e+34
2.417162e+06 6.201026e+00 8.500050e+08 6.624791e+38 5.687268e+34
2.415541e+06 6.644963e+00 8.488215e+08 6.040603e+38 5.672024e+34
2.413892e+06 7.120610e+00 8.476185e+08 5.507234e+38 5.656551e+34
2.412117e+06 7.659677e+00 8.463254e+08 4.994630e+38 5.639939e+34
2.410431e+06 8.198743e+00 8.450972e+08 4.559448e+38 5.624184e+34
2.408637e+06 8.801229e+00 8.437914e+08 4.145321e+38 5.607456e+34
2.406925e+06 9.403715e+00 8.425463e+08 3.792070e+38 5.591529e+34
2.404985e+06 1.032330e+01 8.411370e+08 3.346368e+38 5.573527e+34
2.403865e+06 1.095749e+01 8.403236e+08 3.091419e+38 5.563150e+34
2.402453e+06 1.159169e+01 8.392994e+08 2.868132e+38 5.550096e+34
2.400191e+06 1.254298e+01 8.376586e+08 2.581093e+38 5.529215e+34
2.397932e+06 1.349428e+01 8.360228e+08 2.339903e+38 5.508435e+34
2.395723e+06 1.444557e+01 8.344242e+08 2.134857e+38 5.488164e+34
2.393558e+06 1.539687e+01 8.328590e+08 1.958752e+38 5.468352e+34
2.390709e+06 1.666526e+01 8.308021e+08 1.759788e+38 5.442366e+34
2.388578e+06 1.761655e+01 8.292649e+08 1.632166e+38 5.422986e+34
2.385711e+06 1.888494e+01 8.271992e+08 1.484975e+38 5.396995e+34
2.382035e+06 2.047043e+01 8.245548e+08 1.330462e+38 5.363810e+34
2.378980e+06 2.173882e+01 8.223597e+08 1.225575e+38 5.336339e+34
2.374912e+06 2.332431e+01 8.194865e+08 1.113047e+38 5.299941e+34
2.369678e+06 2.522690e+01 8.157987e+08 9.996189e+37 5.253370e+34
2.364980e+06 2.681239e+01 8.124963e+08 9.193362e+37 5.211837e+34
2.358890e+06 2.871498e+01 8.082252e+08 8.365803e+37 5.158359e+34
2.351101e+06 3.093466e+01 8.027793e+08 7.549859e+37 5.090565e+34
2.342521e+06 3.315435e+01 7.968020e+08 6.861258e+37 5.016659e+34
2.333108e+06 3.537403e+01 7.902710e+08 6.273287e+37 4.936511e+34
2.321289e+06 3.791082e+01 7.821093e+08 5.699694e+37 4.837240e+34
2.306626e+06 4.076470e+01 7.720434e+08 5.154211e+37 4.716166e+34
2.290509e+06 4.361858e+01 7.610568e+08 4.692265e+37 4.585730e+34
2.270930e+06 4.678956e+01 7.478181e+08 4.256464e+37 4.430935e+34
2.247505e+06 5.027764e+01 7.321349e+08 3.851661e+37 4.250920e+34
2.222347e+06 5.376571e+01 7.154807e+08 3.508557e+37 4.063760e+34
2.192821e+06 5.757089e+01 6.964152e+08 3.190082e+37 3.852059e+34
2.156516e+06 6.201026e+01 6.734077e+08 2.876599e+37 3.603225e+34
2.119008e+06 6.644963e+01 6.500459e+08 2.612321e+37 3.359010e+34
2.078296e+06 7.120610e+01 6.251577e+08 2.372063e+37 3.108209e+34
2.034425e+06 7.627967e+01 5.994541e+08 2.154454e+37 2.853956e+34
1.988805e+06 8.167033e+01 5.735630e+08 1.957858e+37 2.606450e+34
1.940544e+06 8.769519e+01 5.467786e+08 1.771487e+37 2.362516e+34
1.892857e+06 9.403715e+01 5.214535e+08 1.605408e+37 2.138708e+34
1.847148e+06 1.006962e+02 4.980089e+08 1.457341e+37 1.939487e+34
1.802889e+06 1.079895e+02 4.757904e+08 1.319699e+37 1.760176e+34
1.762917e+06 1.155998e+02 4.561288e+08 1.197808e+37 1.609193e+34
1.724893e+06 1.241615e+02 4.377850e+08 1.081715e+37 1.474788e+34
1.692109e+06 1.330402e+02 4.222523e+08 9.799985e+36 1.365820e+34
1.663174e+06 1.425531e+02 4.088042e+08 8.877416e+36 1.274768e+34
1.637742e+06 1.527003e+02 3.973182e+08 8.044798e+36 1.198567e+34
1.615185e+06 1.637987e+02 3.872566e+08 7.275938e+36 1.133886e+34
1.595786e+06 1.755313e+02 3.786985e+08 6.590561e+36 1.080386e+34
1.578544e+06 1.882152e+02 3.711660e+08 5.965790e+36 1.034446e+34
1.563087e+06 2.018504e+02 3.644723e+08 5.400177e+36 9.945200e+33
1.548970e+06 2.164369e+02 3.584449e+08 4.890685e+36 9.590753e+33
1.535835e+06 2.319747e+02 3.529393e+08 4.433333e+36 9.269548e+33
1.523357e+06 2.487809e+02 3.477447e+08 4.016460e+36 8.971955e+33
1.511432e+06 2.668555e+02 3.428127e+08 3.638915e+36 8.694300e+33
1.500161e+06 2.858814e+02 3.381804e+08 3.303690e+36 8.437854e+33
1.489172e+06 3.064928e+02 3.336915e+08 2.997549e+36 8.193332e+33
1.478436e+06 3.286896e+02 3.293316e+08 2.720294e+36 7.959588e+33
1.467276e+06 3.540574e+02 3.248271e+08 2.454049e+36 7.721965e+33
1.457103e+06 3.794253e+02 3.207455e+08 2.230095e+36 7.510038e+33
1.446631e+06 4.079641e+02 3.165748e+08 2.017634e+36 7.296448e+33
1.436901e+06 4.365029e+02 3.127850e+08 1.838097e+36 7.102117e+33
1.426973e+06 4.682127e+02 3.089390e+08 1.668990e+36 6.907870e+33
1.417836e+06 4.999225e+02 3.054175e+08 1.525252e+36 6.732623e+33
1.407753e+06 5.379742e+02 3.015523e+08 1.379166e+36 6.543142e+33
1.398488e+06 5.760260e+02 2.980198e+08 1.255838e+36 6.372582e+33
1.389236e+06 6.172487e+02 2.945107e+08 1.142447e+36 6.205621e+33
1.380056e+06 6.616424e+02 2.910464e+08 1.038928e+36 6.043199e+33
1.370989e+06 7.092071e+02 2.876428e+08 9.449210e+35 5.885940e+33
1.362067e+06 7.599428e+02 2.843109e+08 8.598818e+35 5.734216e+33
1.353313e+06 8.138494e+02 2.810584e+08 7.831613e+35 5.588224e+33
1.344220e+06 8.740980e+02 2.777254e+08 7.105416e+35 5.439537e+33
1.335317e+06 9.375176e+02 2.745105e+08 6.459098e+35 5.296855e+33
1.323309e+06 1.032647e+03 2.701999e+08 5.667422e+35 5.108874e+33
1.316009e+06 1.096067e+03 2.675937e+08 5.232904e+35 4.997074e+33
1.309156e+06 1.159486e+03 2.651572e+08 4.852911e+35 4.893805e+33
1.299614e+06 1.254616e+03 2.617801e+08 4.365512e+35 4.752671e+33
1.290834e+06 1.349745e+03 2.586893e+08 3.956975e+35 4.625533e+33
1.282707e+06 1.444874e+03 2.558424e+08 3.610333e+35 4.510141e+33
1.275146e+06 1.540004e+03 2.532061e+08 3.313061e+35 4.404743e+33
1.268083e+06 1.635133e+03 2.507537e+08 3.055730e+35 4.307953e+33
1.259333e+06 1.761972e+03 2.477301e+08 2.762513e+35 4.190280e+33
1.251247e+06 1.888811e+03 2.449492e+08 2.514780e+35 4.083686e+33
1.243733e+06 2.015651e+03 2.423771e+08 2.303114e+35 3.986481e+33
1.229043e+06 2.332748e+03 2.373819e+08 1.923432e+35 3.801450e+33
1.215460e+06 2.649846e+03 2.328030e+08 1.636733e+35 3.636166e+33
1.203328e+06 2.966944e+03 2.287455e+08 1.414472e+35 3.493145e+33
1.192390e+06 3.284042e+03 2.251138e+08 1.238280e+35 3.367863e+33
1.182449e+06 3.601140e+03 2.218345e+08 1.095925e+35 3.256939e+33
1.173348e+06 3.918238e+03 2.188506e+08 9.790125e+34 3.157819e+33
1.164883e+06 4.235336e+03 2.161225e+08 8.816271e+34 3.067677e+33
1.156984e+06 4.552434e+03 2.136083e+08 7.994987e+34 2.985309e+33
1.149632e+06 4.869532e+03 2.112796e+08 7.294806e+34 2.910152e+33
1.142759e+06 5.186630e+03 2.091122e+08 6.692107e+34 2.841184e+33
1.136309e+06 5.503728e+03 2.070865e+08 6.168866e+34 2.777575e+33
1.130234e+06 5.820826e+03 2.051863e+08 5.711117e+34 2.718653e+33
1.124495e+06 6.137924e+03 2.033979e+08 5.307896e+34 2.663855e+33
1.119058e+06 6.455021e+03 2.017098e+08 4.950485e+34 2.612712e+33
1.113895e+06 6.772119e+03 2.001121e+08 4.631884e+34 2.564827e+33
1.108980e+06 7.089217e+03 1.985961e+08 4.346410e+34 2.519857e+33
1.104291e+06 7.406315e+03 1.971542e+08 4.089408e+34 2.477506e+33
1.099808e+06 7.723413e+03 1.957799e+08 3.857030e+34 2.437521e+33
1.095516e+06 8.040511e+03 1.944678e+08 3.646075e+34 2.399692e+33
1.091400e+06 8.357609e+03 1.932131e+08 3.453857e+34 2.363831e+33
1.083640e+06 8.991805e+03 1.908565e+08 3.116909e+34 2.297312e+33
1.076435e+06 9.626001e+03 1.886797e+08 2.831803e+34 2.236827e+33
1.069714e+06 1.026020e+04 1.866584e+08 2.587947e+34 2.181481e+33
1.063417e+06 1.089439e+04 1.847727e+08 2.377386e+34 2.130563e+33
1.057494e+06 1.152859e+04 1.830066e+08 2.194039e+34 2.083496e+33
1.049224e+06 1.247988e+04 1.805524e+08 1.960002e+34 2.019080e+33
1.041591e+06 1.343118e+04 1.782993e+08 1.764869e+34 1.960959e+33
1.034506e+06 1.438247e+04 1.762190e+08 1.600084e+34 1.908152e+33
1.027896e+06 1.533376e+04 1.742871e+08 1.459382e+34 1.859845e+33
1.021699e+06 1.628506e+04 1.724843e+08 1.338073e+34 1.815404e+33
1.013979e+06 1.755345e+04 1.702556e+08 1.200438e+34 1.761149e+33
1.006713e+06 1.882184e+04 1.682016e+08 1.084690e+34 1.711208e+33
9.999376e+05 2.009023e+04 1.662954e+08 9.862158e+33 1.665605e+33
9.920640e+05 2.167572e+04 1.640914e+08 8.822756e+33 1.613761e+33
9.847634e+05 2.326121e+04 1.620585e+08 7.950949e+33 1.566781e+33
9.779567e+05 2.484670e+04 1.601725e+08 7.210994e+33 1.523909e+33
9.703488e+05 2.674929e+04 1.580751e+08 6.460324e+33 1.477039e+33
9.632698e+05 2.865188e+04 1.561336e+08 5.828000e+33 1.434407e+33
9.566487e+05 3.055446e+04 1.543266e+08 5.289358e+33 1.395374e+33
9.494273e+05 3.277415e+04 1.523656e+08 4.755051e+33 1.353716e+33
9.418150e+05 3.531093e+04 1.502897e+08 4.242385e+33 1.310820e+33
9.347843e+05 3.784772e+04 1.483656e+08 3.811705e+33 1.272115e+33
9.282016e+05 4.038450e+04 1.465734e+08 3.445746e+33 1.236658e+33
9.212595e+05 4.323838e+04 1.446934e+08 3.095553e+33 1.200075e+33
9.140453e+05 4.640936e+04 1.427504e+08 2.767082e+33 1.162924e+33
9.066341e+05 4.989744e+04 1.407658e+08 2.463760e+33 1.125664e+33
8.996975e+05 5.338551e+04 1.389188e+08 2.208273e+33 1.091608e+33
8.925993e+05 5.719069e+04 1.370394e+08 1.972590e+33 1.057564e+33
8.853889e+05 6.131296e+04 1.351413e+08 1.757355e+33 1.023804e+33
8.780557e+05 6.575233e+04 1.332362e+08 1.562348e+33 9.903045e+32
8.706014e+05 7.050880e+04 1.313334e+08 1.386786e+33 9.571017e+32
8.631327e+05 7.558237e+04 1.294380e+08 1.229488e+33 9.246786e+32
8.556696e+05 8.097303e+04 1.275553e+08 1.089069e+33 8.931102e+32
8.482278e+05 8.668080e+04 1.256892e+08 9.640587e+32 8.624433e+32
8.404414e+05 9.302275e+04 1.237487e+08 8.476539e+32 8.312093e+32
8.327384e+05 9.968181e+04 1.218410e+08 7.454895e+32 8.011519e+32
8.247800e+05 1.069751e+05 1.198829e+08 6.520921e+32 7.709620e+32
8.168724e+05 1.145854e+05 1.179670e+08 5.708348e+32 7.418181e+32
8.086962e+05 1.228300e+05 1.160189e+08 4.974775e+32 7.125612e+32
8.003693e+05 1.317087e+05 1.140481e+08 4.318659e+32 6.836634e+32
7.919284e+05 1.412216e+05 1.120640e+08 3.736250e+32 6.552760e+32
7.833947e+05 1.513688e+05 1.100722e+08 3.222499e+32 6.274847e+32
7.745422e+05 1.624672e+05 1.080209e+08 2.759671e+32 5.995990e+32
7.656580e+05 1.741998e+05 1.059776e+08 2.358056e+32 5.725584e+32
7.568864e+05 1.865666e+05 1.039428e+08 2.010556e+32 5.467683e+32
7.477040e+05 2.002019e+05 1.018241e+08 1.697402e+32 5.207141e+32
7.385409e+05 2.144713e+05 9.972760e+07 1.430735e+32 4.956543e+32
7.290154e+05 2.300091e+05 9.756702e+07 1.195292e+32 4.705733e+32
7.193564e+05 2.464981e+05 9.539589e+07 9.938186e+31 4.461254e+32
7.094131e+05 2.642556e+05 9.318152e+07 8.197015e+31 4.219659e+32
6.992173e+05 2.832815e+05 9.093241e+07 6.709551e+31 3.982256e+32
6.886367e+05 3.038929e+05 8.862217e+07 5.434613e+31 3.746634e+32
6.778708e+05 3.257726e+05 8.629639e+07 4.371678e+31 3.517777e+32
6.667957e+05 3.492379e+05 8.393017e+07 3.482469e+31 3.293455e+32
6.552994e+05 3.742886e+05 8.153479e+07 2.748325e+31 3.072131e+32
6.433674e+05 4.012419e+05 7.909276e+07 2.143654e+31 2.854413e+32
6.309900e+05 4.304149e+05 7.659070e+07 1.648665e+31 2.641012e+32
6.183487e+05 4.614905e+05 7.406828e+07 1.254484e+31 2.435646e+32
6.055858e+05 4.947858e+05 7.150928e+07 9.420048e+30 2.240698e+32
5.925284e+05 5.303008e+05 6.892714e+07 6.982357e+30 2.053606e+32
5.789926e+05 5.686696e+05 6.629139e+07 5.084459e+30 1.872288e+32
5.651642e+05 6.095753e+05 6.364142e+07 3.649184e+30 1.699727e+32
5.508926e+05 6.536519e+05 6.095266e+07 2.569920e+30 1.534435e+32
5.362621e+05 7.008995e+05 5.824559e+07 1.777349e+30 1.377809e+32
5.213450e+05 7.513180e+05 5.553813e+07 1.208138e+30 1.230782e+32
5.060489e+05 8.055418e+05 5.281666e+07 8.040270e+29 1.092573e+32
4.904693e+05 8.635707e+05 5.010227e+07 5.244753e+29 9.641127e+31
4.745443e+05 9.260390e+05 4.738831e+07 3.342003e+29 8.448659e+31
4.585083e+05 9.929467e+05 4.469676e+07 2.083027e+29 7.363248e+31
4.424111e+05 1.064611e+06 4.203163e+07 1.267797e+29 6.382411e+31
4.261119e+05 1.141348e+06 3.940366e+07 7.528201e+28 5.492566e+31
4.095939e+05 1.223794e+06 3.681372e+07 4.350261e+28 4.689156e+31
3.929863e+05 1.311947e+06 3.428443e+07 2.451057e+28 3.973657e+31
3.762450e+05 1.406759e+06 3.181147e+07 1.341027e+28 3.338594e+31
3.600403e+05 1.508231e+06 2.940865e+07 7.126956e+27 2.799530e+31
3.437414e+05 1.616995e+06 2.707473e+07 3.664672e+27 2.325990e+31
3.273778e+05 1.733687e+06 2.481776e+07 1.820221e+27 1.913717e+31
3.112876e+05 1.858624e+06 2.264808e+07 8.727446e+26 1.564329e+31
2.954673e+05 1.992756e+06 2.056248e+07 4.017158e+26 1.269750e+31
2.798645e+05 2.136719e+06 1.855988e+07 1.764832e+26 1.022049e+31
2.644218e+05 2.290828e+06 1.664890e+07 7.380154e+25 8.144596e+30
2.493675e+05 2.456036e+06 1.482739e+07 2.913940e+25 6.442282e+30
2.345300e+05 2.633294e+06 1.309274e+07 1.074670e+25 5.040510e+30
2.198629e+05 2.823553e+06 1.144404e+07 3.654265e+24 3.893034e+30
2.056639e+05 3.027130e+06 9.883578e+06 1.128992e+24 2.980662e+30
1.916853e+05 3.245610e+06 8.394463e+06 3.052098e+23 2.249241e+30
1.778261e+05 3.479946e+06 6.973873e+06 6.914773e+22 1.665953e+30
1.641489e+05 3.730770e+06 5.609688e+06 1.210262e+22 1.209573e+30
1.501930e+05 4.000303e+06 4.272693e+06 1.368981e+21 8.477729e+29
