7.245441e+14 9.192048e+09 7.152478e+09 3.396898e+09 2.313848e+09 1.576377e+09 1.073984e+09 7.318675e+08 5.001610e+08 2.904571e+08 2.363246e+08 2.100785e+08 1.024427e+08 3.665132e+07
7.013171e+14 9.196580e+09 7.160156e+09 3.401154e+09 2.316752e+09 1.578356e+09 1.075331e+09 7.327559e+08 5.005228e+08 2.904659e+08 2.363259e+08 2.100789e+08 1.024427e+08 3.665132e+07
6.823586e+14 9.200129e+09 7.166189e+09 3.404502e+09 2.319037e+09 1.579913e+09 1.076389e+09 7.334529e+08 5.008226e+08 2.904734e+08 2.363270e+08 2.100792e+08 1.024427e+08 3.665132e+07
6.640552e+14 9.203408e+09 7.171780e+09 3.407608e+09 2.321157e+09 1.581357e+09 1.077372e+09 7.341029e+08 5.011223e+08 2.904808e+08 2.363281e+08 2.100796e+08 1.024427e+08 3.665132e+07
6.462342e+14 9.206439e+09 7.176964e+09 3.410490e+09 2.323124e+09 1.582697e+09 1.078283e+09 7.347048e+08 5.014241e+08 2.904882e+08 2.363292e+08 2.100799e+08 1.024427e+08 3.665132e+07
6.289740e+14 9.209212e+09 7.181719e+09 3.413135e+09 2.324929e+09 1.583928e+09 1.079120e+09 7.352565e+08 5.017314e+08 2.904955e+08 2.363303e+08 2.100803e+08 1.024427e+08 3.665132e+07
6.121788e+14 9.211737e+09 7.186059e+09 3.415551e+09 2.326578e+09 1.585051e+09 1.079884e+09 7.357581e+08 5.020498e+08 2.905026e+08 2.363313e+08 2.100806e+08 1.024427e+08 3.665132e+07
5.958386e+14 9.214015e+09 7.189982e+09 3.417737e+09 2.328070e+09 1.586068e+09 1.080575e+09 7.362082e+08 5.023847e+08 2.905096e+08 2.363323e+08 2.100809e+08 1.024427e+08 3.665132e+07
5.799842e+14 9.216025e+09 7.193452e+09 3.419671e+09 2.329390e+09 1.586967e+09 1.081186e+09 7.366035e+08 5.027411e+08 2.905165e+08 2.363333e+08 2.100812e+08 1.024427e+08 3.665132e+07
5.644592e+14 9.217745e+09 7.196426e+09 3.421330e+09 2.330522e+09 1.587738e+09 1.081710e+09 7.369421e+08 5.031237e+08 2.905232e+08 2.363343e+08 2.100815e+08 1.024427e+08 3.665132e+07
5.494363e+14 9.219194e+09 7.198935e+09 3.422730e+09 2.331478e+09 1.588389e+09 1.082152e+09 7.372258e+08 5.035402e+08 2.905299e+08 2.363352e+08 2.100818e+08 1.024427e+08 3.665132e+07
5.347454e+14 9.220364e+09 7.200963e+09 3.423861e+09 2.332250e+09 1.588915e+09 1.082510e+09 7.374541e+08 5.039953e+08 2.905364e+08 2.363362e+08 2.100821e+08 1.024427e+08 3.665132e+07
5.205357e+14 9.221276e+09 7.202545e+09 3.424745e+09 2.332853e+09 1.589326e+09 1.082788e+09 7.376293e+08 5.044941e+08 2.905428e+08 2.363371e+08 2.100824e+08 1.024427e+08 3.665132e+07
5.066051e+14 9.221924e+09 7.203671e+09 3.425374e+09 2.333282e+09 1.589619e+09 1.082987e+09 7.377535e+08 5.050434e+08 2.905492e+08 2.363380e+08 2.100827e+08 1.024426e+08 3.665132e+07
4.931811e+14 9.222347e+09 7.204406e+09 3.425784e+09 2.333562e+09 1.589809e+09 1.083115e+09 7.378296e+08 5.056465e+08 2.905554e+08 2.363389e+08 2.100829e+08 1.024426e+08 3.665132e+07
4.799515e+14 9.222521e+09 7.204708e+09 3.425953e+09 2.333677e+09 1.589888e+09 1.083169e+09 7.378607e+08 5.063108e+08 2.905616e+08 2.363398e+08 2.100832e+08 1.024426e+08 3.665132e+07
4.671729e+14 9.222498e+09 7.204668e+09 3.425930e+09 2.333662e+09 1.589877e+09 1.083161e+09 7.378509e+08 5.070382e+08 2.905678e+08 2.363406e+08 2.100835e+08 1.024426e+08 3.665132e+07
4.547555e+14 9.222286e+09 7.204299e+09 3.425725e+09 2.333522e+09 1.589782e+09 1.083095e+09 7.378049e+08 5.078327e+08 2.905738e+08 2.363415e+08 2.100838e+08 1.024426e+08 3.665132e+07
4.425772e+14 9.221891e+09 7.203614e+09 3.425342e+09 2.333260e+09 1.589604e+09 1.082975e+09 7.377273e+08 5.087011e+08 2.905799e+08 2.363424e+08 2.100840e+08 1.024426e+08 3.665132e+07
4.308132e+14 9.221365e+09 7.202700e+09 3.424831e+09 2.332912e+09 1.589366e+09 1.082813e+09 7.376243e+08 5.096425e+08 2.905859e+08 2.363432e+08 2.100843e+08 1.024426e+08 3.665132e+07
4.193441e+14 9.220714e+09 7.201570e+09 3.424200e+09 2.332481e+09 1.589073e+09 1.082614e+09 7.375018e+08 5.106617e+08 2.905919e+08 2.363441e+08 2.100845e+08 1.024426e+08 3.665132e+07
4.081176e+14 9.219957e+09 7.200257e+09 3.423467e+09 2.331981e+09 1.588732e+09 1.082383e+09 7.373666e+08 5.117631e+08 2.905979e+08 2.363449e+08 2.100848e+08 1.024426e+08 3.665132e+07
3.972654e+14 9.219144e+09 7.198849e+09 3.422682e+09 2.331445e+09 1.588367e+09 1.082136e+09 7.372272e+08 5.129437e+08 2.906039e+08 2.363457e+08 2.100850e+08 1.024426e+08 3.665132e+07
3.867082e+14 9.218303e+09 7.197392e+09 3.421868e+09 2.330890e+09 1.587989e+09 1.081880e+09 7.370921e+08 5.142073e+08 2.906098e+08 2.363466e+08 2.100853e+08 1.024426e+08 3.665132e+07
3.763432e+14 9.217465e+09 7.195941e+09 3.421059e+09 2.330337e+09 1.587613e+09 1.081628e+09 7.369706e+08 5.155591e+08 2.906158e+08 2.363474e+08 2.100856e+08 1.024426e+08 3.665132e+07
3.663193e+14 9.216682e+09 7.194587e+09 3.420304e+09 2.329822e+09 1.587262e+09 1.081392e+09 7.368741e+08 5.169927e+08 2.906218e+08 2.363483e+08 2.100858e+08 1.024426e+08 3.665132e+07
3.566146e+14 9.215990e+09 7.193392e+09 3.419638e+09 2.329367e+09 1.586952e+09 1.081187e+09 7.368142e+08 5.185083e+08 2.906278e+08 2.363491e+08 2.100861e+08 1.024426e+08 3.665132e+07
3.470587e+14 9.215450e+09 7.192459e+09 3.419118e+09 2.329012e+09 1.586711e+09 1.081028e+09 7.368039e+08 5.201142e+08 2.906338e+08 2.363500e+08 2.100863e+08 1.024426e+08 3.665132e+07
3.377903e+14 9.215106e+09 7.191866e+09 3.418787e+09 2.328787e+09 1.586557e+09 1.080930e+09 7.368584e+08 5.218030e+08 2.906398e+08 2.363508e+08 2.100866e+08 1.024425e+08 3.665132e+07
3.288245e+14 9.214995e+09 7.191673e+09 3.418680e+09 2.328713e+09 1.586508e+09 1.080907e+09 7.369938e+08 5.235696e+08 2.906458e+08 2.363517e+08 2.100869e+08 1.024425e+08 3.665132e+07
3.200717e+14 9.215197e+09 7.192022e+09 3.418874e+09 2.328846e+09 1.586600e+09 1.080984e+09 7.372303e+08 5.254205e+08 2.906518e+08 2.363525e+08 2.100871e+08 1.024425e+08 3.665132e+07
3.114925e+14 9.215847e+09 7.193145e+09 3.419500e+09 2.329273e+09 1.586891e+09 1.081185e+09 7.375922e+08 5.273563e+08 2.906578e+08 2.363534e+08 2.100874e+08 1.024425e+08 3.665132e+07
3.031732e+14 9.216824e+09 7.194833e+09 3.420441e+09 2.329916e+09 1.587331e+09 1.081515e+09 7.381058e+08 5.293688e+08 2.906638e+08 2.363542e+08 2.100876e+08 1.024425e+08 3.665132e+07
2.951313e+14 9.218311e+09 7.197405e+09 3.421876e+09 2.330896e+09 1.588008e+09 1.082023e+09 7.388027e+08 5.314519e+08 2.906698e+08 2.363551e+08 2.100879e+08 1.024425e+08 3.665132e+07
2.872644e+14 9.221133e+09 7.202298e+09 3.424607e+09 2.332758e+09 1.589252e+09 1.082769e+09 7.397231e+08 5.336069e+08 2.906758e+08 2.363559e+08 2.100882e+08 1.024425e+08 3.665132e+07
2.796077e+14 9.222951e+09 7.205455e+09 3.426370e+09 2.333964e+09 1.590110e+09 1.083623e+09 7.409060e+08 5.358305e+08 2.906817e+08 2.363568e+08 2.100884e+08 1.024425e+08 3.665132e+07
2.721546e+14 9.226647e+09 7.211893e+09 3.429969e+09 2.336428e+09 1.591865e+09 1.084915e+09 7.424118e+08 5.381188e+08 2.906877e+08 2.363576e+08 2.100887e+08 1.024425e+08 3.665131e+07
2.649001e+14 9.238283e+09 7.232305e+09 3.441399e+09 2.344195e+09 1.596751e+09 1.086619e+09 7.443029e+08 5.404719e+08 2.906936e+08 2.363585e+08 2.100889e+08 1.024425e+08 3.665131e+07
2.578390e+14 9.228087e+09 7.214408e+09 3.431378e+09 2.337413e+09 1.592839e+09 1.086973e+09 7.465887e+08 5.428800e+08 2.906994e+08 2.363593e+08 2.100892e+08 1.024425e+08 3.665131e+07
2.509660e+14 9.242819e+09 7.240325e+09 3.445910e+09 2.347368e+09 1.599911e+09 1.088565e+09 7.494394e+08 5.453330e+08 2.907052e+08 2.363601e+08 2.100894e+08 1.024425e+08 3.665131e+07
2.442761e+14 9.304668e+09 7.353297e+09 3.509930e+09 2.390494e+09 1.622821e+09 1.088387e+09 7.529448e+08 5.478685e+08 2.907110e+08 2.363609e+08 2.100897e+08 1.024425e+08 3.665131e+07
2.377645e+14 9.010673e+09 6.867724e+09 3.242354e+09 2.209590e+09 1.518116e+09 1.076973e+09 7.567652e+08 5.504127e+08 2.907166e+08 2.363617e+08 2.100899e+08 1.024425e+08 3.665131e+07
2.314265e+14 9.306656e+09 7.357047e+09 3.512068e+09 2.391884e+09 1.623789e+09 1.097556e+09 7.618937e+08 5.527064e+08 2.907222e+08 2.363625e+08 2.100902e+08 1.024424e+08 3.665131e+07
2.252572e+14 9.387178e+09 7.515972e+09 3.604542e+09 2.455435e+09 1.670529e+09 1.120541e+09 7.689457e+08 5.554394e+08 2.907280e+08 2.363634e+08 2.100904e+08 1.024424e+08 3.665131e+07
2.192524e+14 9.383998e+09 7.509415e+09 3.600687e+09 2.452980e+09 1.671108e+09 1.131132e+09 7.762933e+08 5.581584e+08 2.907336e+08 2.363642e+08 2.100907e+08 1.024424e+08 3.665131e+07
2.134070e+14 9.381146e+09 7.503558e+09 3.597234e+09 2.450622e+09 1.669587e+09 1.134941e+09 7.841410e+08 5.608656e+08 2.907390e+08 2.363649e+08 2.100909e+08 1.024424e+08 3.665131e+07
2.077178e+14 9.378646e+09 7.498439e+09 3.594219e+09 2.448563e+09 1.668188e+09 1.135808e+09 7.926974e+08 5.635634e+08 2.907442e+08 2.363657e+08 2.100911e+08 1.024424e+08 3.665131e+07
2.021801e+14 9.376517e+09 7.494092e+09 3.591661e+09 2.446817e+09 1.667000e+09 1.135641e+09 8.021747e+08 5.662545e+08 2.907492e+08 2.363664e+08 2.100913e+08 1.024424e+08 3.665131e+07
1.967898e+14 9.374777e+09 7.490545e+09 3.589576e+09 2.445393e+09 1.666032e+09 1.135250e+09 8.127945e+08 5.689415e+08 2.907541e+08 2.363671e+08 2.100915e+08 1.024424e+08 3.665131e+07
1.915434e+14 9.373441e+09 7.487828e+09 3.587980e+09 2.444302e+09 1.665292e+09 1.135021e+09 8.247946e+08 5.716269e+08 2.907589e+08 2.363677e+08 2.100917e+08 1.024424e+08 3.665131e+07
1.864367e+14 9.372525e+09 7.485968e+09 3.586888e+09 2.443557e+09 1.664786e+09 1.135341e+09 8.384397e+08 5.743135e+08 2.907635e+08 2.363684e+08 2.100919e+08 1.024424e+08 3.665131e+07
1.814663e+14 9.372046e+09 7.484995e+09 3.586317e+09 2.443167e+09 1.664523e+09 1.136983e+09 8.540328e+08 5.770033e+08 2.907680e+08 2.363690e+08 2.100921e+08 1.024424e+08 3.665131e+07
1.766298e+14 9.372014e+09 7.484930e+09 3.586279e+09 2.443141e+09 1.664509e+09 1.141573e+09 8.719275e+08 5.796970e+08 2.907724e+08 2.363696e+08 2.100923e+08 1.024424e+08 3.665131e+07
1.719216e+14 9.372445e+09 7.485804e+09 3.586792e+09 2.443492e+09 1.664753e+09 1.152208e+09 8.925472e+08 5.823933e+08 2.907767e+08 2.363702e+08 2.100925e+08 1.024424e+08 3.665131e+07
1.673408e+14 9.373344e+09 7.487632e+09 3.587865e+09 2.444225e+09 1.665294e+09 1.174181e+09 9.163834e+08 5.850866e+08 2.907810e+08 2.363708e+08 2.100926e+08 1.024424e+08 3.665131e+07
1.628842e+14 9.374720e+09 7.490430e+09 3.589509e+09 2.445349e+09 1.666803e+09 1.216028e+09 9.440137e+08 5.877650e+08 2.907851e+08 2.363714e+08 2.100928e+08 1.024424e+08 3.665131e+07
1.585487e+14 9.376577e+09 7.494213e+09 3.591733e+09 2.446929e+09 1.678542e+09 1.292141e+09 9.760905e+08 5.904089e+08 2.907890e+08 2.363719e+08 2.100930e+08 1.024423e+08 3.665131e+07
1.543301e+14 9.378918e+09 7.498997e+09 3.595266e+09 2.459436e+09 1.787897e+09 1.432070e+09 1.013306e+09 5.929893e+08 2.907928e+08 2.363724e+08 2.100931e+08 1.024423e+08 3.665131e+07
1.502235e+14 9.912881e+09 9.277895e+09 5.086888e+09 3.695933e+09 2.691286e+09 1.726885e+09 1.056372e+09 5.954694e+08 2.907964e+08 2.363729e+08 2.100933e+08 1.024423e+08 3.665131e+07
1.462285e+14 9.990276e+09 9.904384e+09 7.009483e+09 4.959824e+09 3.694001e+09 2.329737e+09 1.197003e+09 6.104513e+08 2.908470e+08 2.363816e+08 2.100960e+08 1.024421e+08 3.665130e+07
1.423365e+14 9.990379e+09 9.905367e+09 7.013716e+09 4.960301e+09 3.763087e+09 2.669548e+09 1.314540e+09 6.236135e+08 2.908909e+08 2.363891e+08 2.100984e+08 1.024419e+08 3.665130e+07
1.385426e+14 9.990486e+09 9.906385e+09 7.017229e+09 4.951945e+09 3.756218e+09 2.825067e+09 1.411371e+09 6.350696e+08 2.909288e+08 2.363956e+08 2.101003e+08 1.024417e+08 3.665129e+07
1.348461e+14 9.990597e+09 9.907443e+09 7.021332e+09 4.943628e+09 3.744125e+09 2.887376e+09 1.490884e+09 6.450475e+08 2.909615e+08 2.364011e+08 2.101020e+08 1.024416e+08 3.665128e+07
1.312397e+14 9.990710e+09 9.908528e+09 7.025921e+09 4.935518e+09 3.731666e+09 2.908373e+09 1.556909e+09 6.538578e+08 2.909902e+08 2.364059e+08 2.101035e+08 1.024414e+08 3.665128e+07
1.277287e+14 9.990828e+09 9.909655e+09 7.031320e+09 4.927489e+09 3.719310e+09 2.911651e+09 1.613018e+09 6.618329e+08 2.910160e+08 2.364102e+08 2.101047e+08 1.024413e+08 3.665127e+07
1.243120e+14 9.990949e+09 9.910808e+09 7.037066e+09 4.919839e+09 3.706985e+09 2.907099e+09 1.662102e+09 6.692833e+08 2.910400e+08 2.364142e+08 2.101059e+08 1.024411e+08 3.665127e+07
1.209901e+14 9.991074e+09 9.911999e+09 7.043662e+09 4.912378e+09 3.694785e+09 2.898868e+09 1.706222e+09 6.764987e+08 2.910631e+08 2.364180e+08 2.101070e+08 1.024410e+08 3.665127e+07
1.177582e+14 9.991201e+09 9.913219e+09 7.050863e+09 4.905201e+09 3.682630e+09 2.888768e+09 1.746651e+09 6.836861e+08 2.910860e+08 2.364218e+08 2.101081e+08 1.024409e+08 3.665126e+07
1.146161e+14 9.991330e+09 9.914455e+09 7.058710e+09 4.898441e+09 3.670567e+09 2.877664e+09 1.783971e+09 6.909462e+08 2.911091e+08 2.364255e+08 2.101092e+08 1.024407e+08 3.665126e+07
1.115600e+14 9.991460e+09 9.915704e+09 7.067378e+09 4.891994e+09 3.658616e+09 2.866030e+09 1.818384e+09 6.983305e+08 2.911325e+08 2.364293e+08 2.101102e+08 1.024406e+08 3.665125e+07
1.085863e+14 9.991592e+09 9.916982e+09 7.076722e+09 4.885670e+09 3.646794e+09 2.854135e+09 1.849898e+09 7.058565e+08 2.911562e+08 2.364331e+08 2.101113e+08 1.024405e+08 3.665125e+07
1.056925e+14 9.991728e+09 9.918284e+09 7.086552e+09 4.879830e+09 3.635139e+09 2.842129e+09 1.878450e+09 7.135200e+08 2.911803e+08 2.364369e+08 2.101123e+08 1.024403e+08 3.665124e+07
1.028761e+14 9.991863e+09 9.919587e+09 7.097228e+09 4.874383e+09 3.623563e+09 2.830123e+09 1.903989e+09 7.213060e+08 2.912047e+08 2.364407e+08 2.101134e+08 1.024402e+08 3.665124e+07
1.001348e+14 9.992000e+09 9.920913e+09 7.108544e+09 4.869231e+09 3.612171e+09 2.818168e+09 1.926503e+09 7.291935e+08 2.912294e+08 2.364446e+08 2.101144e+08 1.024400e+08 3.665123e+07
9.746542e+13 9.992139e+09 9.922252e+09 7.120513e+09 4.865053e+09 3.600927e+09 2.806386e+09 1.945885e+09 7.370974e+08 2.912541e+08 2.364484e+08 2.101154e+08 1.024399e+08 3.665123e+07
9.486240e+13 9.992276e+09 9.923590e+09 7.133272e+09 4.861598e+09 3.589774e+09 2.794741e+09 1.962445e+09 7.450507e+08 2.912790e+08 2.364522e+08 2.101164e+08 1.024397e+08 3.665122e+07
9.233368e+13 9.992411e+09 9.924903e+09 7.146687e+09 4.857248e+09 3.578781e+09 2.783128e+09 1.976545e+09 7.531761e+08 2.913043e+08 2.364561e+08 2.101174e+08 1.024395e+08 3.665122e+07
8.989929e+13 9.992556e+09 9.926286e+09 7.160285e+09 4.852139e+09 3.568311e+09 2.771690e+09 1.988063e+09 7.613326e+08 2.913298e+08 2.364599e+08 2.101183e+08 1.024394e+08 3.665122e+07
8.747668e+13 9.992703e+09 9.927699e+09 7.175210e+09 4.847990e+09 3.558052e+09 2.760495e+09 1.997165e+09 7.694241e+08 2.913551e+08 2.364637e+08 2.101192e+08 1.024392e+08 3.665121e+07
8.514485e+13 9.992838e+09 9.929021e+09 7.190594e+09 4.845090e+09 3.547527e+09 2.749397e+09 2.004256e+09 7.776007e+08 2.913806e+08 2.364675e+08 2.101202e+08 1.024391e+08 3.665121e+07
8.289547e+13 9.992970e+09 9.930308e+09 7.206007e+09 4.843307e+09 3.536877e+09 2.738361e+09 2.009489e+09 7.858732e+08 2.914065e+08 2.364713e+08 2.101211e+08 1.024389e+08 3.665120e+07
8.066600e+13 9.993107e+09 9.931649e+09 7.222141e+09 4.842420e+09 3.526468e+09 2.727587e+09 2.012963e+09 7.940560e+08 2.914322e+08 2.364751e+08 2.101220e+08 1.024387e+08 3.665120e+07
7.851572e+13 9.993242e+09 9.932966e+09 7.239018e+09 4.841263e+09 3.516489e+09 2.716973e+09 2.014969e+09 8.022173e+08 2.914579e+08 2.364788e+08 2.101228e+08 1.024385e+08 3.665119e+07
7.642275e+13 9.993374e+09 9.934258e+09 7.256891e+09 4.839308e+09 3.506893e+09 2.706293e+09 2.015686e+09 8.105355e+08 2.914841e+08 2.364826e+08 2.101237e+08 1.024384e+08 3.665119e+07
7.439557e+13 9.993518e+09 9.935649e+09 7.275833e+09 4.837242e+09 3.497902e+09 2.695803e+09 2.015233e+09 8.188121e+08 2.915103e+08 2.364863e+08 2.101245e+08 1.024382e+08 3.665118e+07
7.240271e+13 9.993654e+09 9.936971e+09 7.295894e+09 4.836396e+09 3.489037e+09 2.685567e+09 2.013818e+09 8.269973e+08 2.915363e+08 2.364900e+08 2.101253e+08 1.024380e+08 3.665117e+07
7.047269e+13 9.993784e+09 9.938240e+09 7.315206e+09 4.836351e+09 3.479959e+09 2.675340e+09 2.011538e+09 8.352844e+08 2.915628e+08 2.364937e+08 2.101261e+08 1.024378e+08 3.665117e+07
6.860469e+13 9.993910e+09 9.939477e+09 7.333690e+09 4.837003e+09 3.470767e+09 2.665141e+09 2.008492e+09 8.436625e+08 2.915896e+08 2.364975e+08 2.101268e+08 1.024376e+08 3.665116e+07
6.676564e+13 9.994038e+09 9.940734e+09 7.354515e+09 4.837689e+09 3.461987e+09 2.655155e+09 2.004845e+09 8.519719e+08 2.916165e+08 2.365012e+08 2.101276e+08 1.024374e+08 3.665116e+07
6.498589e+13 9.994164e+09 9.941970e+09 7.375903e+09 4.838755e+09 3.453617e+09 2.645334e+09 2.000698e+09 8.602511e+08 2.916433e+08 2.365049e+08 2.101283e+08 1.024372e+08 3.665115e+07
6.325358e+13 9.994287e+09 9.943180e+09 7.396875e+09 4.840489e+09 3.445359e+09 2.635522e+09 1.996050e+09 8.686501e+08 2.916708e+08 2.365086e+08 2.101290e+08 1.024370e+08 3.665115e+07
6.158219e+13 9.994414e+09 9.944416e+09 7.417438e+09 4.842674e+09 3.437126e+09 2.625867e+09 1.991019e+09 8.770784e+08 2.916985e+08 2.365123e+08 2.101297e+08 1.024368e+08 3.665114e+07
5.992628e+13 9.994542e+09 9.945669e+09 7.441006e+09 4.846585e+09 3.429357e+09 2.616413e+09 1.985717e+09 8.854531e+08 2.917263e+08 2.365161e+08 2.101304e+08 1.024366e+08 3.665114e+07
5.832884e+13 9.994660e+09 9.946833e+09 7.463906e+09 4.849964e+09 3.421835e+09 2.607047e+09 1.980160e+09 8.938536e+08 2.917545e+08 2.365198e+08 2.101311e+08 1.024364e+08 3.665113e+07
5.677399e+13 9.994776e+09 9.947974e+09 7.486395e+09 4.852521e+09 3.414290e+09 2.597718e+09 1.974350e+09 9.023482e+08 2.917832e+08 2.365236e+08 2.101317e+08 1.024361e+08 3.665112e+07
5.526552e+13 9.994889e+09 9.949092e+09 7.509091e+09 4.855156e+09 3.406969e+09 2.588550e+09 1.968390e+09 9.108433e+08 2.918122e+08 2.365273e+08 2.101324e+08 1.024359e+08 3.665112e+07
5.378752e+13 9.995003e+09 9.950209e+09 7.533536e+09 4.859868e+09 3.400137e+09 2.579588e+09 1.962338e+09 9.192984e+08 2.918414e+08 2.365311e+08 2.101330e+08 1.024357e+08 3.665111e+07
5.235373e+13 9.995113e+09 9.951298e+09 7.557632e+09 4.864630e+09 3.393459e+09 2.570716e+09 1.956159e+09 9.277916e+08 2.918710e+08 2.365349e+08 2.101336e+08 1.024354e+08 3.665110e+07
5.095815e+13 9.995222e+09 9.952365e+09 7.581524e+09 4.869213e+09 3.386609e+09 2.561910e+09 1.949863e+09 9.363448e+08 2.919012e+08 2.365388e+08 2.101342e+08 1.024351e+08 3.665110e+07
4.960062e+13 9.995336e+09 9.953490e+09 7.605649e+09 4.874261e+09 3.380029e+09 2.553265e+09 1.943535e+09 9.448788e+08 2.919318e+08 2.365426e+08 2.101347e+08 1.024349e+08 3.665109e+07
4.827761e+13 9.995442e+09 9.954531e+09 7.630422e+09 4.880237e+09 3.374019e+09 2.544800e+09 1.937213e+09 9.533723e+08 2.919626e+08 2.365464e+08 2.101352e+08 1.024346e+08 3.665108e+07
4.699069e+13 9.995544e+09 9.955540e+09 7.655580e+09 4.886677e+09 3.368114e+09 2.536440e+09 1.930875e+09 9.618877e+08 2.919940e+08 2.365503e+08 2.101357e+08 1.024343e+08 3.665107e+07
4.573868e+13 9.995643e+09 9.956526e+09 7.681067e+09 4.893304e+09 3.362163e+09 2.528182e+09 1.924531e+09 9.704176e+08 2.920259e+08 2.365542e+08 2.101362e+08 1.024341e+08 3.665107e+07
4.451886e+13 9.995741e+09 9.957496e+09 7.706806e+09 4.900533e+09 3.356599e+09 2.520076e+09 1.918222e+09 9.789097e+08 2.920582e+08 2.365581e+08 2.101367e+08 1.024338e+08 3.665106e+07
4.333213e+13 9.995837e+09 9.958446e+09 7.732717e+09 4.908364e+09 3.351336e+09 2.512128e+09 1.911956e+09 9.873511e+08 2.920908e+08 2.365620e+08 2.101371e+08 1.024334e+08 3.665105e+07
4.217704e+13 9.995931e+09 9.959375e+09 7.758663e+09 4.916485e+09 3.346155e+09 2.504300e+09 1.905704e+09 9.957760e+08 2.921240e+08 2.365660e+08 2.101375e+08 1.024331e+08 3.665104e+07
4.105370e+13 9.996025e+09 9.960302e+09 7.784251e+09 4.924563e+09 3.340985e+09 2.496609e+09 1.899473e+09 1.004168e+09 2.921578e+08 2.365699e+08 2.101379e+08 1.024328e+08 3.665103e+07
3.995841e+13 9.996120e+09 9.961237e+09 7.809935e+09 4.933399e+09 3.335849e+09 2.489074e+09 1.893299e+09 1.012494e+09 2.921919e+08 2.365739e+08 2.101382e+08 1.024325e+08 3.665102e+07
3.889326e+13 9.996208e+09 9.962107e+09 7.835962e+09 4.942776e+09 3.331078e+09 2.481638e+09 1.887185e+09 1.020742e+09 2.922265e+08 2.365779e+08 2.101385e+08 1.024321e+08 3.665101e+07
3.785649e+13 9.996293e+09 9.962957e+09 7.862308e+09 4.952511e+09 3.326784e+09 2.474272e+09 1.881115e+09 1.028926e+09 2.922615e+08 2.365818e+08 2.101388e+08 1.024318e+08 3.665100e+07
3.684836e+13 9.996377e+09 9.963788e+09 7.888789e+09 4.962417e+09 3.322879e+09 2.466994e+09 1.875097e+09 1.037024e+09 2.922971e+08 2.365858e+08 2.101390e+08 1.024314e+08 3.665099e+07
3.586514e+13 9.996459e+09 9.964600e+09 7.915526e+09 4.973485e+09 3.318994e+09 2.459851e+09 1.869149e+09 1.045014e+09 2.923331e+08 2.365898e+08 2.101392e+08 1.024310e+08 3.665098e+07
3.490909e+13 9.996539e+09 9.965393e+09 7.942113e+09 4.984759e+09 3.315208e+09 2.452838e+09 1.863275e+09 1.052887e+09 2.923695e+08 2.365938e+08 2.101393e+08 1.024306e+08 3.665097e+07
3.397853e+13 9.996617e+09 9.966168e+09 7.968213e+09 4.995858e+09 3.311580e+09 2.445951e+09 1.857463e+09 1.060645e+09 2.924064e+08 2.365978e+08 2.101394e+08 1.024302e+08 3.665096e+07
3.307332e+13 9.996696e+09 9.966956e+09 7.993849e+09 5.006854e+09 3.308159e+09 2.439200e+09 1.851711e+09 1.068268e+09 2.924437e+08 2.366017e+08 2.101395e+08 1.024298e+08 3.665095e+07
3.219117e+13 9.996772e+09 9.967707e+09 8.019582e+09 5.018628e+09 3.305200e+09 2.432572e+09 1.846024e+09 1.075736e+09 2.924813e+08 2.366057e+08 2.101395e+08 1.024294e+08 3.665094e+07
3.133306e+13 9.996844e+09 9.968427e+09 8.045619e+09 5.031148e+09 3.302191e+09 2.426023e+09 1.840393e+09 1.083048e+09 2.925194e+08 2.366096e+08 2.101394e+08 1.024289e+08 3.665093e+07
3.049782e+13 9.996915e+09 9.969131e+09 8.072042e+09 5.044334e+09 3.299126e+09 2.419552e+09 1.834813e+09 1.090198e+09 2.925579e+08 2.366135e+08 2.101393e+08 1.024284e+08 3.665091e+07
2.968492e+13 9.996984e+09 9.969817e+09 8.098294e+09 5.058227e+09 3.296185e+09 2.413192e+09 1.829293e+09 1.097164e+09 2.925967e+08 2.366174e+08 2.101392e+08 1.024280e+08 3.665090e+07
2.889356e+13 9.997051e+09 9.970484e+09 8.124024e+09 5.072231e+09 3.293546e+09 2.406954e+09 1.823839e+09 1.103931e+09 2.926358e+08 2.366213e+08 2.101389e+08 1.024275e+08 3.665089e+07
2.812335e+13 9.997117e+09 9.971137e+09 8.149742e+09 5.086245e+09 3.291256e+09 2.400802e+09 1.818442e+09 1.110504e+09 2.926753e+08 2.366251e+08 2.101386e+08 1.024270e+08 3.665087e+07
2.737425e+13 9.997182e+09 9.971785e+09 8.175479e+09 5.100338e+09 3.289398e+09 2.394743e+09 1.813108e+09 1.116873e+09 2.927151e+08 2.366288e+08 2.101383e+08 1.024265e+08 3.665086e+07
2.664398e+13 9.997246e+09 9.972426e+09 8.201085e+09 5.114978e+09 3.287828e+09 2.388817e+09 1.807837e+09 1.123017e+09 2.927551e+08 2.366326e+08 2.101379e+08 1.024259e+08 3.665084e+07
2.593375e+13 9.997307e+09 9.973029e+09 8.226339e+09 5.130098e+09 3.286205e+09 2.383013e+09 1.802630e+09 1.128933e+09 2.927953e+08 2.366362e+08 2.101374e+08 1.024254e+08 3.665083e+07
2.524244e+13 9.997366e+09 9.973619e+09 8.251354e+09 5.145670e+09 3.284511e+09 2.377300e+09 1.797481e+09 1.134627e+09 2.928358e+08 2.366399e+08 2.101368e+08 1.024248e+08 3.665081e+07
2.457033e+13 9.997424e+09 9.974199e+09 8.276009e+09 5.161708e+09 3.283006e+09 2.371675e+09 1.792400e+09 1.140081e+09 2.928765e+08 2.366434e+08 2.101362e+08 1.024242e+08 3.665080e+07
2.391462e+13 9.997481e+09 9.974765e+09 8.300125e+09 5.177871e+09 3.282165e+09 2.366189e+09 1.787381e+09 1.145285e+09 2.929174e+08 2.366469e+08 2.101355e+08 1.024236e+08 3.665078e+07
2.327713e+13 9.997536e+09 9.975311e+09 8.324472e+09 5.194388e+09 3.281145e+09 2.360849e+09 1.782423e+09 1.150246e+09 2.929583e+08 2.366503e+08 2.101347e+08 1.024230e+08 3.665076e+07
2.265691e+13 9.997589e+09 9.975844e+09 8.349106e+09 5.211371e+09 3.280031e+09 2.355625e+09 1.777525e+09 1.154968e+09 2.929995e+08 2.366536e+08 2.101338e+08 1.024224e+08 3.665074e+07
2.205269e+13 9.997641e+09 9.976361e+09 8.373277e+09 5.228890e+09 3.279204e+09 2.350534e+09 1.772693e+09 1.159430e+09 2.930407e+08 2.366569e+08 2.101329e+08 1.024217e+08 3.665073e+07
2.146484e+13 9.997691e+09 9.976865e+09 8.396968e+09 5.246590e+09 3.278659e+09 2.345538e+09 1.767928e+09 1.163633e+09 2.930818e+08 2.366600e+08 2.101318e+08 1.024210e+08 3.665071e+07
2.089266e+13 9.997741e+09 9.977357e+09 8.420411e+09 5.264265e+09 3.278271e+09 2.340551e+09 1.763220e+09 1.167595e+09 2.931231e+08 2.366631e+08 2.101307e+08 1.024204e+08 3.665069e+07
2.033705e+13 9.997790e+09 9.977849e+09 8.443573e+09 5.282023e+09 3.278073e+09 2.335591e+09 1.758572e+09 1.171306e+09 2.931643e+08 2.366661e+08 2.101295e+08 1.024197e+08 3.665067e+07
1.979365e+13 9.997838e+09 9.978322e+09 8.466418e+09 5.300864e+09 3.277763e+09 2.330746e+09 1.753988e+09 1.174758e+09 2.932054e+08 2.366689e+08 2.101282e+08 1.024189e+08 3.665065e+07
1.926602e+13 9.997883e+09 9.978776e+09 8.489077e+09 5.319605e+09 3.277821e+09 2.326032e+09 1.749465e+09 1.177966e+09 2.932465e+08 2.366717e+08 2.101268e+08 1.024182e+08 3.665063e+07
1.875273e+13 9.997928e+09 9.979221e+09 8.511484e+09 5.338199e+09 3.278331e+09 2.321449e+09 1.744991e+09 1.180940e+09 2.932876e+08 2.366743e+08 2.101253e+08 1.024174e+08 3.665060e+07
1.825257e+13 9.997972e+09 9.979660e+09 8.533488e+09 5.357196e+09 3.278825e+09 2.316994e+09 1.740581e+09 1.183664e+09 2.933285e+08 2.366768e+08 2.101236e+08 1.024167e+08 3.665058e+07
1.776602e+13 9.998013e+09 9.980078e+09 8.555209e+09 5.376691e+09 3.279305e+09 2.312622e+09 1.736229e+09 1.186149e+09 2.933690e+08 2.366792e+08 2.101219e+08 1.024159e+08 3.665056e+07
1.729244e+13 9.998054e+09 9.980489e+09 8.576794e+09 5.396376e+09 3.280139e+09 2.308227e+09 1.731900e+09 1.188412e+09 2.934096e+08 2.366814e+08 2.101201e+08 1.024151e+08 3.665054e+07
1.683277e+13 9.998094e+09 9.980888e+09 8.598040e+09 5.416151e+09 3.281425e+09 2.303877e+09 1.727609e+09 1.190449e+09 2.934499e+08 2.366835e+08 2.101182e+08 1.024142e+08 3.665051e+07
1.638281e+13 9.998133e+09 9.981276e+09 8.618941e+09 5.436405e+09 3.282945e+09 2.299644e+09 1.723375e+09 1.192261e+09 2.934898e+08 2.366855e+08 2.101162e+08 1.024134e+08 3.665049e+07
1.594610e+13 9.998171e+09 9.981654e+09 8.639635e+09 5.456877e+09 3.284179e+09 2.295525e+09 1.719173e+09 1.193866e+09 2.935295e+08 2.366873e+08 2.101141e+08 1.024125e+08 3.665046e+07
1.552181e+13 9.998208e+09 9.982027e+09 8.659955e+09 5.477351e+09 3.285201e+09 2.291531e+09 1.714992e+09 1.195268e+09 2.935690e+08 2.366890e+08 2.101119e+08 1.024116e+08 3.665044e+07
1.510729e+13 9.998245e+09 9.982389e+09 8.679969e+09 5.497688e+09 3.286468e+09 2.287597e+09 1.710861e+09 1.196468e+09 2.936080e+08 2.366905e+08 2.101095e+08 1.024107e+08 3.665041e+07
1.470458e+13 9.998279e+09 9.982738e+09 8.699749e+09 5.518429e+09 3.288045e+09 2.283735e+09 1.706776e+09 1.197476e+09 2.936465e+08 2.366919e+08 2.101071e+08 1.024098e+08 3.665038e+07
1.431260e+13 9.998314e+09 9.983080e+09 8.719209e+09 5.539889e+09 3.289916e+09 2.279978e+09 1.702704e+09 1.198305e+09 2.936849e+08 2.366931e+08 2.101045e+08 1.024089e+08 3.665036e+07
1.393172e+13 9.998348e+09 9.983421e+09 8.738160e+09 5.561782e+09 3.292096e+09 2.276367e+09 1.698669e+09 1.198955e+09 2.937228e+08 2.366941e+08 2.101019e+08 1.024079e+08 3.665033e+07
1.355972e+13 9.998380e+09 9.983746e+09 8.756807e+09 5.583570e+09 3.294407e+09 2.272814e+09 1.694675e+09 1.199436e+09 2.937600e+08 2.366950e+08 2.100991e+08 1.024069e+08 3.665030e+07
1.319826e+13 9.998412e+09 9.984061e+09 8.775413e+09 5.605263e+09 3.296571e+09 2.269238e+09 1.690680e+09 1.199758e+09 2.937970e+08 2.366957e+08 2.100962e+08 1.024060e+08 3.665027e+07
1.284814e+13 9.998443e+09 9.984369e+09 8.793892e+09 5.626833e+09 3.298691e+09 2.265715e+09 1.686687e+09 1.199927e+09 2.938334e+08 2.366963e+08 2.100932e+08 1.024049e+08 3.665024e+07
1.250400e+13 9.998472e+09 9.984668e+09 8.812006e+09 5.648575e+09 3.301173e+09 2.262335e+09 1.682713e+09 1.199949e+09 2.938693e+08 2.366966e+08 2.100901e+08 1.024039e+08 3.665021e+07
1.217068e+13 9.998502e+09 9.984960e+09 8.829681e+09 5.670643e+09 3.303777e+09 2.258938e+09 1.678732e+09 1.199834e+09 2.939046e+08 2.366968e+08 2.100869e+08 1.024029e+08 3.665018e+07
1.184668e+13 9.998530e+09 9.985247e+09 8.847007e+09 5.693185e+09 3.306530e+09 2.255476e+09 1.674722e+09 1.199587e+09 2.939395e+08 2.366968e+08 2.100836e+08 1.024018e+08 3.665014e+07
1.153047e+13 9.998559e+09 9.985530e+09 8.863898e+09 5.716077e+09 3.309434e+09 2.251940e+09 1.670719e+09 1.199216e+09 2.939737e+08 2.366967e+08 2.100802e+08 1.024007e+08 3.665011e+07
1.122311e+13 9.998585e+09 9.985800e+09 8.880558e+09 5.738723e+09 3.312433e+09 2.248226e+09 1.666705e+09 1.198730e+09 2.940071e+08 2.366963e+08 2.100766e+08 1.023997e+08 3.665008e+07
1.092394e+13 9.998612e+09 9.986064e+09 8.897174e+09 5.761079e+09 3.315050e+09 2.244113e+09 1.662633e+09 1.198130e+09 2.940402e+08 2.366958e+08 2.100730e+08 1.023985e+08 3.665004e+07
1.063354e+13 9.998632e+09 9.986265e+09 8.909896e+09 5.777215e+09 3.314855e+09 2.239375e+09 1.658538e+09 1.197425e+09 2.940726e+08 2.366951e+08 2.100692e+08 1.023974e+08 3.665001e+07
1.034931e+13 9.998637e+09 9.986318e+09 8.912927e+09 5.778433e+09 3.309184e+09 2.233869e+09 1.654438e+09 1.196629e+09 2.941042e+08 2.366942e+08 2.100654e+08 1.023963e+08 3.664997e+07
1.007343e+13 9.998642e+09 9.986370e+09 8.916064e+09 5.779421e+09 3.302900e+09 2.228113e+09 1.650334e+09 1.195743e+09 2.941353e+08 2.366932e+08 2.100614e+08 1.023951e+08 3.664994e+07
9.806516e+12 9.998648e+09 9.986425e+09 8.919334e+09 5.780650e+09 3.297836e+09 2.222710e+09 1.646282e+09 1.194779e+09 2.941659e+08 2.366919e+08 2.100573e+08 1.023939e+08 3.664990e+07
9.543542e+12 9.998671e+09 9.986657e+09 8.933978e+09 5.801741e+09 3.299767e+09 2.218274e+09 1.642352e+09 1.193754e+09 2.941956e+08 2.366905e+08 2.100531e+08 1.023928e+08 3.664986e+07
9.289143e+12 9.998694e+09 9.986891e+09 8.949060e+09 5.824016e+09 3.302997e+09 2.214537e+09 1.638512e+09 1.192667e+09 2.942247e+08 2.366890e+08 2.100489e+08 1.023916e+08 3.664983e+07
9.042007e+12 9.998717e+09 9.987122e+09 8.964089e+09 5.846303e+09 3.306290e+09 2.211254e+09 1.634736e+09 1.191516e+09 2.942533e+08 2.366872e+08 2.100445e+08 1.023903e+08 3.664979e+07
8.800509e+12 9.998740e+09 9.987350e+09 8.978876e+09 5.868658e+09 3.309877e+09 2.208298e+09 1.631068e+09 1.190318e+09 2.942811e+08 2.366853e+08 2.100400e+08 1.023891e+08 3.664975e+07
8.565917e+12 9.998762e+09 9.987566e+09 8.993200e+09 5.891011e+09 3.313619e+09 2.205546e+09 1.627496e+09 1.189078e+09 2.943081e+08 2.366832e+08 2.100355e+08 1.023879e+08 3.664971e+07
8.337578e+12 9.998783e+09 9.987779e+09 9.007247e+09 5.913294e+09 3.317291e+09 2.202907e+09 1.623974e+09 1.187781e+09 2.943347e+08 2.366809e+08 2.100308e+08 1.023866e+08 3.664967e+07
8.115927e+12 9.998804e+09 9.987985e+09 9.020995e+09 5.935301e+09 3.320995e+09 2.200360e+09 1.620539e+09 1.186447e+09 2.943605e+08 2.366785e+08 2.100260e+08 1.023853e+08 3.664963e+07
7.898999e+12 9.998824e+09 9.988186e+09 9.034571e+09 5.957389e+09 3.324871e+09 2.197900e+09 1.617189e+09 1.185084e+09 2.943855e+08 2.366759e+08 2.100212e+08 1.023840e+08 3.664959e+07
7.688438e+12 9.998843e+09 9.988383e+09 9.047843e+09 5.979725e+09 3.328884e+09 2.195453e+09 1.613874e+09 1.183678e+09 2.944099e+08 2.366731e+08 2.100163e+08 1.023827e+08 3.664954e+07
7.485052e+12 9.998863e+09 9.988577e+09 9.060769e+09 6.002080e+09 3.332975e+09 2.193025e+09 1.610610e+09 1.182239e+09 2.944337e+08 2.366702e+08 2.100113e+08 1.023814e+08 3.664950e+07
7.284005e+12 9.998881e+09 9.988763e+09 9.073651e+09 6.024204e+09 3.337037e+09 2.190638e+09 1.607419e+09 1.180780e+09 2.944566e+08 2.366671e+08 2.100062e+08 1.023801e+08 3.664946e+07
7.089838e+12 9.998899e+09 9.988945e+09 9.086184e+09 6.046294e+09 3.341243e+09 2.188320e+09 1.604272e+09 1.179293e+09 2.944789e+08 2.366639e+08 2.100010e+08 1.023788e+08 3.664941e+07
6.901326e+12 9.998917e+09 9.989125e+09 9.098438e+09 6.068484e+09 3.345592e+09 2.186045e+09 1.601145e+09 1.177772e+09 2.945007e+08 2.366605e+08 2.099957e+08 1.023774e+08 3.664937e+07
6.716893e+12 9.998935e+09 9.989301e+09 9.110540e+09 6.090548e+09 3.349798e+09 2.183842e+09 1.598083e+09 1.176239e+09 2.945216e+08 2.366569e+08 2.099904e+08 1.023761e+08 3.664932e+07
6.537843e+12 9.998952e+09 9.989470e+09 9.122370e+09 6.112456e+09 3.354099e+09 2.181700e+09 1.595075e+09 1.174693e+09 2.945417e+08 2.366532e+08 2.099850e+08 1.023747e+08 3.664928e+07
6.363566e+12 9.998968e+09 9.989635e+09 9.133959e+09 6.134377e+09 3.358680e+09 2.179576e+09 1.592078e+09 1.173114e+09 2.945614e+08 2.366494e+08 2.099795e+08 1.023733e+08 3.664923e+07
6.194527e+12 9.998984e+09 9.989796e+09 9.145184e+09 6.156120e+09 3.363290e+09 2.177469e+09 1.589129e+09 1.171524e+09 2.945803e+08 2.366454e+08 2.099740e+08 1.023719e+08 3.664919e+07
6.028825e+12 9.999000e+09 9.989952e+09 9.156182e+09 6.177754e+09 3.367839e+09 2.175434e+09 1.586234e+09 1.169932e+09 2.945985e+08 2.366413e+08 2.099684e+08 1.023705e+08 3.664914e+07
5.868117e+12 9.999015e+09 9.990105e+09 9.167141e+09 6.199379e+09 3.372500e+09 2.173436e+09 1.583350e+09 1.168315e+09 2.946162e+08 2.366370e+08 2.099627e+08 1.023691e+08 3.664909e+07
5.712843e+12 9.999030e+09 9.990257e+09 9.178004e+09 6.220934e+09 3.377221e+09 2.171455e+09 1.580486e+09 1.166682e+09 2.946333e+08 2.366326e+08 2.099569e+08 1.023677e+08 3.664904e+07
5.559438e+12 9.999045e+09 9.990403e+09 9.188598e+09 6.242154e+09 3.381989e+09 2.169491e+09 1.577672e+09 1.165051e+09 2.946496e+08 2.366280e+08 2.099511e+08 1.023663e+08 3.664900e+07
5.411242e+12 9.999059e+09 9.990544e+09 9.198905e+09 6.263325e+09 3.386798e+09 2.167586e+09 1.574886e+09 1.163410e+09 2.946652e+08 2.366234e+08 2.099453e+08 1.023649e+08 3.664895e+07
5.266999e+12 9.999073e+09 9.990684e+09 9.208996e+09 6.284711e+09 3.391633e+09 2.165699e+09 1.572097e+09 1.161744e+09 2.946803e+08 2.366185e+08 2.099393e+08 1.023634e+08 3.664890e+07
5.126596e+12 9.999087e+09 9.990822e+09 9.218872e+09 6.305905e+09 3.396464e+09 2.163857e+09 1.569355e+09 1.160083e+09 2.946946e+08 2.366136e+08 2.099333e+08 1.023620e+08 3.664885e+07
4.989938e+12 9.999100e+09 9.990953e+09 9.228574e+09 6.326742e+09 3.401349e+09 2.162051e+09 1.566658e+09 1.158430e+09 2.947083e+08 2.366086e+08 2.099273e+08 1.023605e+08 3.664880e+07
4.856923e+12 9.999112e+09 9.991082e+09 9.238082e+09 6.347494e+09 3.406272e+09 2.160232e+09 1.563955e+09 1.156754e+09 2.947214e+08 2.366035e+08 2.099213e+08 1.023591e+08 3.664875e+07
4.728631e+12 9.999125e+09 9.991210e+09 9.247315e+09 6.367972e+09 3.411105e+09 2.158402e+09 1.561272e+09 1.155071e+09 2.947339e+08 2.365982e+08 2.099151e+08 1.023576e+08 3.664870e+07
4.601436e+12 9.999137e+09 9.991333e+09 9.256490e+09 6.388247e+09 3.416014e+09 2.156643e+09 1.558632e+09 1.153400e+09 2.947457e+08 2.365929e+08 2.099090e+08 1.023561e+08 3.664864e+07
4.478777e+12 9.999149e+09 9.991452e+09 9.265447e+09 6.408484e+09 3.420994e+09 2.154902e+09 1.556007e+09 1.151722e+09 2.947570e+08 2.365874e+08 2.099028e+08 1.023547e+08 3.664859e+07
4.359455e+12 9.999161e+09 9.991570e+09 9.274206e+09 6.428820e+09 3.426006e+09 2.153124e+09 1.553372e+09 1.150025e+09 2.947677e+08 2.365818e+08 2.098965e+08 1.023532e+08 3.664854e+07
4.243181e+12 9.999173e+09 9.991688e+09 9.282670e+09 6.448884e+09 3.430841e+09 2.151366e+09 1.550779e+09 1.148340e+09 2.947778e+08 2.365761e+08 2.098902e+08 1.023517e+08 3.664849e+07
4.130072e+12 9.999184e+09 9.991799e+09 9.290949e+09 6.468585e+09 3.435717e+09 2.149673e+09 1.548225e+09 1.146669e+09 2.947872e+08 2.365704e+08 2.098839e+08 1.023502e+08 3.664843e+07
4.019978e+12 9.999195e+09 9.991908e+09 9.299251e+09 6.488280e+09 3.440820e+09 2.148034e+09 1.545659e+09 1.144979e+09 2.947962e+08 2.365645e+08 2.098775e+08 1.023487e+08 3.664838e+07
3.913809e+12 9.999205e+09 9.992014e+09 9.307419e+09 6.507683e+09 3.446072e+09 2.146432e+09 1.543104e+09 1.143284e+09 2.948047e+08 2.365585e+08 2.098711e+08 1.023472e+08 3.664833e+07
3.808516e+12 9.999216e+09 9.992118e+09 9.315354e+09 6.526777e+09 3.451194e+09 2.144867e+09 1.540589e+09 1.141607e+09 2.948125e+08 2.365525e+08 2.098647e+08 1.023457e+08 3.664827e+07
3.706994e+12 9.999226e+09 9.992218e+09 9.323107e+09 6.545797e+09 3.456272e+09 2.143303e+09 1.538088e+09 1.139931e+09 2.948199e+08 2.365465e+08 2.098583e+08 1.023442e+08 3.664822e+07
3.608178e+12 9.999236e+09 9.992318e+09 9.330697e+09 6.564862e+09 3.461293e+09 2.141696e+09 1.535573e+09 1.138236e+09 2.948270e+08 2.365402e+08 2.098518e+08 1.023427e+08 3.664816e+07
3.512434e+12 9.999246e+09 9.992417e+09 9.338025e+09 6.583632e+09 3.466204e+09 2.140103e+09 1.533085e+09 1.136553e+09 2.948336e+08 2.365340e+08 2.098453e+08 1.023412e+08 3.664811e+07
3.418378e+12 9.999255e+09 9.992511e+09 9.345152e+09 6.602034e+09 3.471074e+09 2.138561e+09 1.530636e+09 1.134889e+09 2.948396e+08 2.365277e+08 2.098389e+08 1.023397e+08 3.664805e+07
3.327255e+12 9.999264e+09 9.992603e+09 9.352279e+09 6.620352e+09 3.476060e+09 2.137013e+09 1.528183e+09 1.133217e+09 2.948452e+08 2.365213e+08 2.098324e+08 1.023382e+08 3.664800e+07
3.238646e+12 9.999273e+09 9.992694e+09 9.359366e+09 6.638605e+09 3.481190e+09 2.135427e+09 1.525715e+09 1.131529e+09 2.948503e+08 2.365148e+08 2.098258e+08 1.023367e+08 3.664794e+07
3.152233e+12 9.999282e+09 9.992781e+09 9.366223e+09 6.656348e+09 3.486204e+09 2.133859e+09 1.523285e+09 1.129862e+09 2.948549e+08 2.365083e+08 2.098192e+08 1.023352e+08 3.664788e+07
3.068205e+12 9.999290e+09 9.992865e+09 9.372865e+09 6.673768e+09 3.491081e+09 2.132326e+09 1.520890e+09 1.128216e+09 2.948590e+08 2.365017e+08 2.098127e+08 1.023337e+08 3.664783e+07
2.986417e+12 9.999298e+09 9.992949e+09 9.379418e+09 6.691287e+09 3.495993e+09 2.130814e+09 1.518477e+09 1.126554e+09 2.948627e+08 2.364951e+08 2.098061e+08 1.023321e+08 3.664777e+07
2.907130e+12 9.999307e+09 9.993032e+09 9.385796e+09 6.708845e+09 3.500946e+09 2.129304e+09 1.516056e+09 1.124882e+09 2.948660e+08 2.364883e+08 2.097995e+08 1.023306e+08 3.664771e+07
2.829323e+12 9.999315e+09 9.993112e+09 9.391906e+09 6.726058e+09 3.505790e+09 2.127789e+09 1.513671e+09 1.123234e+09 2.948688e+08 2.364816e+08 2.097929e+08 1.023291e+08 3.664765e+07
2.753903e+12 9.999322e+09 9.993188e+09 9.397907e+09 6.742807e+09 3.510551e+09 2.126281e+09 1.511312e+09 1.121603e+09 2.948712e+08 2.364749e+08 2.097864e+08 1.023276e+08 3.664760e+07
2.680493e+12 9.999330e+09 9.993264e+09 9.403935e+09 6.759420e+09 3.515322e+09 2.124780e+09 1.508932e+09 1.119958e+09 2.948732e+08 2.364681e+08 2.097797e+08 1.023261e+08 3.664754e+07
2.609337e+12 9.999337e+09 9.993339e+09 9.409895e+09 6.775834e+09 3.520092e+09 2.123286e+09 1.506540e+09 1.118306e+09 2.948748e+08 2.364611e+08 2.097731e+08 1.023246e+08 3.664748e+07
2.539492e+12 9.999345e+09 9.993414e+09 9.415652e+09 6.791837e+09 3.524728e+09 2.121811e+09 1.504182e+09 1.116678e+09 2.948760e+08 2.364542e+08 2.097665e+08 1.023231e+08 3.664742e+07
2.471797e+12 9.999352e+09 9.993483e+09 9.421198e+09 6.807525e+09 3.529262e+09 2.120339e+09 1.501847e+09 1.115069e+09 2.948768e+08 2.364473e+08 2.097599e+08 1.023216e+08 3.664736e+07
2.405907e+12 9.999358e+09 9.993551e+09 9.426685e+09 6.823208e+09 3.533821e+09 2.118823e+09 1.499489e+09 1.113446e+09 2.948773e+08 2.364404e+08 2.097533e+08 1.023201e+08 3.664730e+07
2.341804e+12 9.999365e+09 9.993619e+09 9.432042e+09 6.838883e+09 3.538429e+09 2.117272e+09 1.497107e+09 1.111812e+09 2.948774e+08 2.364333e+08 2.097466e+08 1.023185e+08 3.664724e+07
2.279350e+12 9.999372e+09 9.993684e+09 9.437115e+09 6.853944e+09 3.542970e+09 2.115746e+09 1.494756e+09 1.110203e+09 2.948772e+08 2.364262e+08 2.097400e+08 1.023170e+08 3.664719e+07
2.218590e+12 9.999378e+09 9.993746e+09 9.442050e+09 6.868467e+09 3.547329e+09 2.114244e+09 1.492435e+09 1.108620e+09 2.948766e+08 2.364192e+08 2.097335e+08 1.023155e+08 3.664713e+07
2.159450e+12 9.999384e+09 9.993807e+09 9.447027e+09 6.883080e+09 3.551612e+09 2.112699e+09 1.490087e+09 1.107026e+09 2.948757e+08 2.364121e+08 2.097269e+08 1.023140e+08 3.664707e+07
2.101886e+12 9.999390e+09 9.993868e+09 9.451974e+09 6.897804e+09 3.555827e+09 2.111105e+09 1.487709e+09 1.105419e+09 2.948745e+08 2.364049e+08 2.097202e+08 1.023125e+08 3.664701e+07
2.046329e+12 9.999396e+09 9.993929e+09 9.456802e+09 6.912291e+09 3.559946e+09 2.109497e+09 1.485340e+09 1.103826e+09 2.948730e+08 2.363977e+08 2.097136e+08 1.023110e+08 3.664695e+07
1.991321e+12 9.999402e+09 9.993984e+09 9.461348e+09 6.926016e+09 3.564010e+09 2.107901e+09 1.482998e+09 1.102261e+09 2.948712e+08 2.363906e+08 2.097070e+08 1.023095e+08 3.664689e+07
1.938239e+12 9.999407e+09 9.994039e+09 9.465822e+09 6.939536e+09 3.567953e+09 2.106305e+09 1.480645e+09 1.100697e+09 2.948691e+08 2.363835e+08 2.097005e+08 1.023081e+08 3.664683e+07
1.886572e+12 9.999412e+09 9.994093e+09 9.470250e+09 6.952974e+09 3.571814e+09 2.104706e+09 1.478258e+09 1.099123e+09 2.948668e+08 2.363762e+08 2.096939e+08 1.023066e+08 3.664677e+07
1.836382e+12 9.999418e+09 9.994148e+09 9.474564e+09 6.966303e+09 3.575588e+09 2.103105e+09 1.475841e+09 1.097539e+09 2.948641e+08 2.363689e+08 2.096872e+08 1.023051e+08 3.664670e+07
1.787334e+12 9.999423e+09 9.994200e+09 9.478597e+09 6.978987e+09 3.579250e+09 2.101514e+09 1.473445e+09 1.095984e+09 2.948612e+08 2.363616e+08 2.096807e+08 1.023036e+08 3.664664e+07
1.739689e+12 9.999428e+09 9.994248e+09 9.482484e+09 6.991163e+09 3.582772e+09 2.099918e+09 1.471070e+09 1.094455e+09 2.948581e+08 2.363545e+08 2.096742e+08 1.023021e+08 3.664658e+07
1.693315e+12 9.999433e+09 9.994295e+09 9.486416e+09 7.003343e+09 3.586205e+09 2.098258e+09 1.468656e+09 1.092916e+09 2.948547e+08 2.363472e+08 2.096677e+08 1.023006e+08 3.664652e+07
1.648177e+12 9.999437e+09 9.994343e+09 9.490327e+09 7.015539e+09 3.589560e+09 2.096538e+09 1.466202e+09 1.091367e+09 2.948510e+08 2.363399e+08 2.096611e+08 1.022991e+08 3.664646e+07
1.604474e+12 9.999442e+09 9.994391e+09 9.494200e+09 7.027611e+09 3.592783e+09 2.094771e+09 1.463717e+09 1.089816e+09 2.948471e+08 2.363325e+08 2.096545e+08 1.022976e+08 3.664640e+07
1.561478e+12 9.999447e+09 9.994437e+09 9.497821e+09 7.038791e+09 3.595723e+09 2.092998e+09 1.461251e+09 1.088294e+09 2.948430e+08 2.363252e+08 2.096480e+08 1.022962e+08 3.664634e+07
1.519854e+12 9.999451e+09 9.994478e+09 9.501238e+09 7.049495e+09 3.598500e+09 2.091220e+09 1.458791e+09 1.086794e+09 2.948388e+08 2.363179e+08 2.096415e+08 1.022947e+08 3.664628e+07
1.479340e+12 9.999455e+09 9.994519e+09 9.504633e+09 7.060213e+09 3.601268e+09 2.089405e+09 1.456287e+09 1.085285e+09 2.948343e+08 2.363105e+08 2.096351e+08 1.022932e+08 3.664621e+07
1.439906e+12 9.999459e+09 9.994560e+09 9.507996e+09 7.070948e+09 3.604050e+09 2.087555e+09 1.453734e+09 1.083766e+09 2.948295e+08 2.363030e+08 2.096285e+08 1.022918e+08 3.664615e+07
1.401525e+12 9.999463e+09 9.994600e+09 9.511272e+09 7.081626e+09 3.606798e+09 2.085667e+09 1.451132e+09 1.082239e+09 2.948245e+08 2.362953e+08 2.096220e+08 1.022903e+08 3.664608e+07
1.364163e+12 9.999467e+09 9.994638e+09 9.514327e+09 7.091517e+09 3.609256e+09 2.083765e+09 1.448544e+09 1.080741e+09 2.948194e+08 2.362877e+08 2.096155e+08 1.022888e+08 3.664602e+07
1.327799e+12 9.999470e+09 9.994673e+09 9.517183e+09 7.100630e+09 3.611413e+09 2.081848e+09 1.445972e+09 1.079273e+09 2.948141e+08 2.362801e+08 2.096091e+08 1.022874e+08 3.664596e+07
1.292404e+12 9.999474e+09 9.994707e+09 9.520016e+09 7.109688e+09 3.613437e+09 2.079876e+09 1.443349e+09 1.077798e+09 2.948087e+08 2.362725e+08 2.096027e+08 1.022859e+08 3.664589e+07
1.257953e+12 9.999477e+09 9.994741e+09 9.522834e+09 7.118709e+09 3.615383e+09 2.077857e+09 1.440672e+09 1.076314e+09 2.948030e+08 2.362649e+08 2.095963e+08 1.022845e+08 3.664583e+07
1.224420e+12 9.999480e+09 9.994774e+09 9.525607e+09 7.127663e+09 3.617233e+09 2.075793e+09 1.437938e+09 1.074823e+09 2.947971e+08 2.362571e+08 2.095898e+08 1.022830e+08 3.664576e+07
1.192079e+12 9.999484e+09 9.994807e+09 9.528267e+09 7.136392e+09 3.618874e+09 2.073700e+09 1.435171e+09 1.073337e+09 2.947910e+08 2.362494e+08 2.095833e+08 1.022815e+08 3.664570e+07
1.160012e+12 9.999487e+09 9.994837e+09 9.530514e+09 7.143689e+09 3.620107e+09 2.071593e+09 1.432417e+09 1.071882e+09 2.947849e+08 2.362418e+08 2.095769e+08 1.022801e+08 3.664563e+07
1.129090e+12 9.999489e+09 9.994864e+09 9.532683e+09 7.150616e+09 3.621110e+09 2.069444e+09 1.429653e+09 1.070445e+09 2.947786e+08 2.362342e+08 2.095706e+08 1.022787e+08 3.664557e+07
1.098993e+12 9.999492e+09 9.994890e+09 9.534895e+09 7.157594e+09 3.622028e+09 2.067212e+09 1.426830e+09 1.069001e+09 2.947722e+08 2.362266e+08 2.095643e+08 1.022772e+08 3.664551e+07
1.069697e+12 9.999494e+09 9.994916e+09 9.537100e+09 7.164615e+09 3.622906e+09 2.064902e+09 1.423945e+09 1.067550e+09 2.947656e+08 2.362189e+08 2.095579e+08 1.022758e+08 3.664544e+07
1.041183e+12 9.999497e+09 9.994942e+09 9.539296e+09 7.171654e+09 3.623715e+09 2.062513e+09 1.420997e+09 1.066093e+09 2.947587e+08 2.362111e+08 2.095515e+08 1.022743e+08 3.664538e+07
1.013553e+12 9.999500e+09 9.994968e+09 9.541468e+09 7.178568e+09 3.624314e+09 2.060056e+09 1.417997e+09 1.064635e+09 2.947517e+08 2.362034e+08 2.095451e+08 1.022729e+08 3.664531e+07
9.864135e+11 9.999502e+09 9.994989e+09 9.543136e+09 7.183939e+09 3.624456e+09 2.057587e+09 1.415016e+09 1.063211e+09 2.947447e+08 2.361957e+08 2.095388e+08 1.022715e+08 3.664524e+07
9.601190e+11 9.999503e+09 9.995006e+09 9.544574e+09 7.188408e+09 3.624253e+09 2.055092e+09 1.412046e+09 1.061816e+09 2.947377e+08 2.361882e+08 2.095326e+08 1.022701e+08 3.664518e+07
9.345254e+11 9.999505e+09 9.995024e+09 9.546065e+09 7.192834e+09 3.623848e+09 2.052509e+09 1.409013e+09 1.060415e+09 2.947305e+08 2.361807e+08 2.095264e+08 1.022687e+08 3.664512e+07
9.096141e+11 9.999507e+09 9.995042e+09 9.547564e+09 7.197286e+09 3.623311e+09 2.049838e+09 1.405917e+09 1.059009e+09 2.947231e+08 2.361730e+08 2.095201e+08 1.022672e+08 3.664505e+07
8.853668e+11 9.999509e+09 9.995060e+09 9.549060e+09 7.201770e+09 3.622651e+09 2.047075e+09 1.402756e+09 1.057598e+09 2.947155e+08 2.361654e+08 2.095138e+08 1.022658e+08 3.664498e+07
8.617659e+11 9.999510e+09 9.995077e+09 9.550551e+09 7.206248e+09 3.621794e+09 2.044216e+09 1.399528e+09 1.056181e+09 2.947078e+08 2.361576e+08 2.095074e+08 1.022644e+08 3.664492e+07
8.389448e+11 9.999512e+09 9.995097e+09 9.552043e+09 7.210498e+09 3.620573e+09 2.041272e+09 1.396255e+09 1.054768e+09 2.946999e+08 2.361499e+08 2.095009e+08 1.022630e+08 3.664485e+07
8.164347e+11 9.999514e+09 9.995109e+09 9.552878e+09 7.212602e+09 3.618761e+09 2.038309e+09 1.393020e+09 1.053395e+09 2.946922e+08 2.361422e+08 2.094947e+08 1.022616e+08 3.664479e+07
7.946713e+11 9.999514e+09 9.995118e+09 9.553412e+09 7.213638e+09 3.616531e+09 2.035316e+09 1.389809e+09 1.052054e+09 2.946844e+08 2.361348e+08 2.094885e+08 1.022602e+08 3.664472e+07
7.734880e+11 9.999515e+09 9.995125e+09 9.553983e+09 7.214585e+09 3.614047e+09 2.032212e+09 1.386537e+09 1.050709e+09 2.946766e+08 2.361272e+08 2.094823e+08 1.022588e+08 3.664466e+07
7.528694e+11 9.999516e+09 9.995132e+09 9.554576e+09 7.215548e+09 3.611429e+09 2.028996e+09 1.383203e+09 1.049360e+09 2.946686e+08 2.361197e+08 2.094761e+08 1.022574e+08 3.664459e+07
7.328004e+11 9.999517e+09 9.995138e+09 9.555168e+09 7.216538e+09 3.608719e+09 2.025656e+09 1.379806e+09 1.048007e+09 2.946604e+08 2.361120e+08 2.094698e+08 1.022561e+08 3.664453e+07
7.132664e+11 9.999517e+09 9.995145e+09 9.555759e+09 7.217551e+09 3.605889e+09 2.022181e+09 1.376346e+09 1.046650e+09 2.946521e+08 2.361044e+08 2.094635e+08 1.022547e+08 3.664446e+07
6.942531e+11 9.999518e+09 9.995152e+09 9.556349e+09 7.218538e+09 3.602828e+09 2.018552e+09 1.372822e+09 1.045289e+09 2.946436e+08 2.360967e+08 2.094572e+08 1.022533e+08 3.664439e+07
6.757007e+11 9.999519e+09 9.995159e+09 9.556931e+09 7.219207e+09 3.599319e+09 2.014733e+09 1.369224e+09 1.043921e+09 2.946350e+08 2.360889e+08 2.094509e+08 1.022519e+08 3.664433e+07
6.577335e+11 9.999518e+09 9.995158e+09 9.556734e+09 7.217109e+09 3.594968e+09 2.010627e+09 1.365493e+09 1.042524e+09 2.946260e+08 2.360809e+08 2.094444e+08 1.022504e+08 3.664426e+07
6.402005e+11 9.999518e+09 9.995152e+09 9.556056e+09 7.213193e+09 3.589852e+09 2.006208e+09 1.361637e+09 1.041103e+09 2.946168e+08 2.360728e+08 2.094377e+08 1.022489e+08 3.664418e+07
6.231349e+11 9.999517e+09 9.995144e+09 9.555356e+09 7.209074e+09 3.584331e+09 2.001503e+09 1.357713e+09 1.039680e+09 2.946074e+08 2.360646e+08 2.094311e+08 1.022475e+08 3.664411e+07
6.065242e+11 9.999516e+09 9.995135e+09 9.554655e+09 7.204933e+09 3.578598e+09 1.996461e+09 1.353722e+09 1.038254e+09 2.945978e+08 2.360564e+08 2.094244e+08 1.022460e+08 3.664404e+07
5.903563e+11 9.999515e+09 9.995127e+09 9.553953e+09 7.200764e+09 3.572755e+09 1.991021e+09 1.349662e+09 1.036825e+09 2.945882e+08 2.360481e+08 2.094176e+08 1.022445e+08 3.664397e+07
5.746193e+11 9.999515e+09 9.995119e+09 9.553250e+09 7.196565e+09 3.566844e+09 1.985108e+09 1.345535e+09 1.035394e+09 2.945783e+08 2.360398e+08 2.094109e+08 1.022430e+08 3.664390e+07
5.593019e+11 9.999514e+09 9.995111e+09 9.552532e+09 7.192336e+09 3.560858e+09 1.978636e+09 1.341341e+09 1.033962e+09 2.945684e+08 2.360314e+08 2.094041e+08 1.022415e+08 3.664382e+07
5.443928e+11 9.999513e+09 9.995102e+09 9.551767e+09 7.188053e+09 3.554762e+09 1.971503e+09 1.337079e+09 1.032526e+09 2.945582e+08 2.360230e+08 2.093973e+08 1.022400e+08 3.664375e+07
5.285283e+11 9.999512e+09 9.995093e+09 9.550843e+09 7.182975e+09 3.547861e+09 1.962783e+09 1.332305e+09 1.030942e+09 2.945469e+08 2.360137e+08 2.093898e+08 1.022383e+08 3.664367e+07
5.157562e+11 9.999509e+09 9.995067e+09 9.548670e+09 7.173354e+09 3.539099e+09 1.950664e+09 1.326373e+09 1.029005e+09 2.945329e+08 2.360023e+08 2.093806e+08 1.022363e+08 3.664356e+07
5.020078e+11 9.999507e+09 9.995039e+09 9.546249e+09 7.162373e+09 3.528618e+09 1.934836e+09 1.319686e+09 1.026867e+09 2.945171e+08 2.359896e+08 2.093704e+08 1.022340e+08 3.664345e+07
4.886260e+11 9.999504e+09 9.995010e+09 9.543815e+09 7.151348e+09 3.515845e+09 1.916038e+09 1.312860e+09 1.024728e+09 2.945011e+08 2.359769e+08 2.093601e+08 1.022317e+08 3.664334e+07
4.756008e+11 9.999501e+09 9.994982e+09 9.541369e+09 7.140227e+09 3.495352e+09 1.893746e+09 1.305896e+09 1.022590e+09 2.944847e+08 2.359640e+08 2.093498e+08 1.022295e+08 3.664322e+07
4.629229e+11 9.999498e+09 9.994953e+09 9.538891e+09 7.127480e+09 3.451819e+09 1.867476e+09 1.298792e+09 1.020452e+09 2.944681e+08 2.359511e+08 2.093393e+08 1.022272e+08 3.664311e+07
4.505573e+11 9.999495e+09 9.994925e+09 9.535261e+09 7.080630e+09 3.351029e+09 1.836775e+09 1.291536e+09 1.018310e+09 2.944512e+08 2.359381e+08 2.093287e+08 1.022249e+08 3.664299e+07
4.385718e+11 9.999253e+09 9.992489e+09 9.334468e+09 6.409907e+09 3.089790e+09 1.793601e+09 1.282517e+09 1.015697e+09 2.944303e+08 2.359222e+08 2.093157e+08 1.022221e+08 3.664285e+07
4.268809e+11 9.998398e+09 9.983917e+09 8.720351e+09 5.156351e+09 2.737528e+09 1.741114e+09 1.272206e+09 1.012743e+09 2.944061e+08 2.359040e+08 2.093009e+08 1.022189e+08 3.664269e+07
4.155017e+11 9.996568e+09 9.965633e+09 7.751257e+09 4.135537e+09 2.462740e+09 1.693137e+09 1.262428e+09 1.009919e+09 2.943824e+08 2.358864e+08 2.092868e+08 1.022158e+08 3.664254e+07
4.044258e+11 9.992649e+09 9.926805e+09 6.513112e+09 3.432371e+09 2.264828e+09 1.651181e+09 1.253261e+09 1.007225e+09 2.943594e+08 2.358693e+08 2.092733e+08 1.022129e+08 3.664240e+07
3.932530e+11 9.983823e+09 9.841039e+09 5.305769e+09 2.996702e+09 2.120911e+09 1.613784e+09 1.244396e+09 1.004563e+09 2.943363e+08 2.358522e+08 2.092597e+08 1.022099e+08 3.664226e+07
3.831519e+11 9.983891e+09 9.841607e+09 5.218468e+09 2.818682e+09 2.014725e+09 1.578882e+09 1.235302e+09 1.001763e+09 2.943115e+08 2.358339e+08 2.092451e+08 1.022068e+08 3.664210e+07
3.729383e+11 9.984265e+09 9.845203e+09 5.243996e+09 2.760739e+09 1.937203e+09 1.546667e+09 1.226083e+09 9.988484e+08 2.942852e+08 2.358145e+08 2.092294e+08 1.022035e+08 3.664194e+07
3.629970e+11 9.984631e+09 9.848723e+09 5.275497e+09 2.747738e+09 1.881615e+09 1.517895e+09 1.217107e+09 9.959362e+08 2.942585e+08 2.357949e+08 2.092134e+08 1.022001e+08 3.664177e+07
3.532304e+11 9.984991e+09 9.852198e+09 5.307747e+09 2.748470e+09 1.841095e+09 1.491695e+09 1.208256e+09 9.929921e+08 2.942309e+08 2.357747e+08 2.091970e+08 1.021966e+08 3.664160e+07
3.439024e+11 9.985340e+09 9.855561e+09 5.340187e+09 2.752888e+09 1.811570e+09 1.467511e+09 1.199448e+09 9.899892e+08 2.942023e+08 2.357537e+08 2.091799e+08 1.021929e+08 3.664141e+07
3.347351e+11 9.985684e+09 9.858881e+09 5.373491e+09 2.758334e+09 1.790479e+09 1.445374e+09 1.190785e+09 9.869634e+08 2.941728e+08 2.357322e+08 2.091624e+08 1.021892e+08 3.664122e+07
3.258122e+11 9.986020e+09 9.862125e+09 5.407322e+09 2.764170e+09 1.775543e+09 1.425204e+09 1.182339e+09 9.839431e+08 2.941428e+08 2.357104e+08 2.091447e+08 1.021853e+08 3.664103e+07
3.171313e+11 9.986353e+09 9.865327e+09 5.441572e+09 2.770157e+09 1.764937e+09 1.406816e+09 1.174126e+09 9.809386e+08 2.941124e+08 2.356884e+08 2.091267e+08 1.021814e+08 3.664082e+07
3.086736e+11 9.986676e+09 9.868454e+09 5.476307e+09 2.776389e+09 1.757269e+09 1.389992e+09 1.166138e+09 9.779517e+08 2.940815e+08 2.356660e+08 2.091086e+08 1.021775e+08 3.664062e+07
3.004454e+11 9.986991e+09 9.871509e+09 5.511513e+09 2.783142e+09 1.751514e+09 1.374492e+09 1.158337e+09 9.749721e+08 2.940501e+08 2.356434e+08 2.090902e+08 1.021735e+08 3.664040e+07
2.924611e+11 9.987299e+09 9.874491e+09 5.547178e+09 2.790380e+09 1.747055e+09 1.360200e+09 1.150734e+09 9.720076e+08 2.940183e+08 2.356205e+08 2.090715e+08 1.021694e+08 3.664019e+07
2.846411e+11 9.987604e+09 9.877448e+09 5.583792e+09 2.797985e+09 1.743516e+09 1.347109e+09 1.143392e+09 9.690868e+08 2.939863e+08 2.355975e+08 2.090529e+08 1.021653e+08 3.663996e+07
2.770535e+11 9.987900e+09 9.880320e+09 5.620611e+09 2.805763e+09 1.740536e+09 1.335037e+09 1.136271e+09 9.661998e+08 2.939541e+08 2.355744e+08 2.090341e+08 1.021612e+08 3.663974e+07
2.696682e+11 9.988188e+09 9.883126e+09 5.657548e+09 2.813634e+09 1.737874e+09 1.323774e+09 1.129294e+09 9.633182e+08 2.939213e+08 2.355509e+08 2.090151e+08 1.021570e+08 3.663951e+07
2.625221e+11 9.988471e+09 9.885874e+09 5.694455e+09 2.821687e+09 1.735463e+09 1.313334e+09 1.122509e+09 9.604662e+08 2.938882e+08 2.355273e+08 2.089960e+08 1.021527e+08 3.663927e+07
2.554829e+11 9.988752e+09 9.888600e+09 5.732350e+09 2.830386e+09 1.733276e+09 1.303680e+09 1.115945e+09 9.576594e+08 2.938550e+08 2.355037e+08 2.089768e+08 1.021484e+08 3.663903e+07
2.486726e+11 9.989022e+09 9.891235e+09 5.770611e+09 2.839354e+09 1.731267e+09 1.294656e+09 1.109538e+09 9.548740e+08 2.938215e+08 2.354798e+08 2.089575e+08 1.021441e+08 3.663878e+07
2.420438e+11 9.989286e+09 9.893809e+09 5.809458e+09 2.848525e+09 1.729422e+09 1.286160e+09 1.103243e+09 9.520936e+08 2.937874e+08 2.354556e+08 2.089379e+08 1.021397e+08 3.663853e+07
2.356001e+11 9.989544e+09 9.896326e+09 5.848694e+09 2.857911e+09 1.727737e+09 1.278238e+09 1.097125e+09 9.493492e+08 2.937531e+08 2.354313e+08 2.089182e+08 1.021352e+08 3.663827e+07
2.293117e+11 9.989797e+09 9.898801e+09 5.888295e+09 2.867779e+09 1.726146e+09 1.270840e+09 1.091182e+09 9.466435e+08 2.937186e+08 2.354070e+08 2.088985e+08 1.021308e+08 3.663801e+07
2.231990e+11 9.990044e+09 9.901214e+09 5.928086e+09 2.878127e+09 1.724598e+09 1.263840e+09 1.085343e+09 9.439459e+08 2.936836e+08 2.353823e+08 2.088786e+08 1.021262e+08 3.663774e+07
2.172598e+11 9.990285e+09 9.903571e+09 5.968021e+09 2.888938e+09 1.723114e+09 1.257208e+09 1.079606e+09 9.412580e+08 2.936481e+08 2.353573e+08 2.088583e+08 1.021216e+08 3.663747e+07
2.114581e+11 9.990523e+09 9.905897e+09 6.008573e+09 2.900191e+09 1.721733e+09 1.250964e+09 1.074016e+09 9.386023e+08 2.936124e+08 2.353321e+08 2.088380e+08 1.021170e+08 3.663719e+07
2.058213e+11 9.990753e+09 9.908158e+09 6.049486e+09 2.911743e+09 1.720471e+09 1.245061e+09 1.068555e+09 9.359736e+08 2.935763e+08 2.353069e+08 2.088176e+08 1.021123e+08 3.663690e+07
2.003348e+11 9.990979e+09 9.910366e+09 6.090546e+09 2.923501e+09 1.719334e+09 1.239424e+09 1.063174e+09 9.333499e+08 2.935397e+08 2.352812e+08 2.087969e+08 1.021075e+08 3.663661e+07
1.950139e+11 9.991199e+09 9.912524e+09 6.131630e+09 2.935523e+09 1.718343e+09 1.234049e+09 1.057892e+09 9.307409e+08 2.935026e+08 2.352552e+08 2.087759e+08 1.021026e+08 3.663631e+07
1.897967e+11 9.991417e+09 9.914659e+09 6.173436e+09 2.948042e+09 1.717471e+09 1.228941e+09 1.052728e+09 9.281582e+08 2.934652e+08 2.352291e+08 2.087549e+08 1.020977e+08 3.663600e+07
1.847373e+11 9.991627e+09 9.916725e+09 6.215379e+09 2.961007e+09 1.716665e+09 1.224061e+09 1.047659e+09 9.255925e+08 2.934273e+08 2.352027e+08 2.087336e+08 1.020928e+08 3.663569e+07
1.798128e+11 9.991832e+09 9.918742e+09 6.257548e+09 2.974458e+09 1.715933e+09 1.219373e+09 1.042660e+09 9.230321e+08 2.933888e+08 2.351759e+08 2.087120e+08 1.020878e+08 3.663538e+07
1.750290e+11 9.992032e+09 9.920709e+09 6.299833e+09 2.988447e+09 1.715296e+09 1.214884e+09 1.037753e+09 9.204898e+08 2.933499e+08 2.351489e+08 2.086902e+08 1.020827e+08 3.663506e+07
1.703542e+11 9.992228e+09 9.922644e+09 6.342367e+09 3.002877e+09 1.714777e+09 1.210586e+09 1.032944e+09 9.179706e+08 2.933107e+08 2.351216e+08 2.086682e+08 1.020777e+08 3.663473e+07
1.658131e+11 9.992420e+09 9.924529e+09 6.385136e+09 3.017558e+09 1.714383e+09 1.206440e+09 1.028209e+09 9.154617e+08 2.932708e+08 2.350940e+08 2.086460e+08 1.020725e+08 3.663440e+07
1.613932e+11 9.992607e+09 9.926369e+09 6.428172e+09 3.032515e+09 1.714123e+09 1.202429e+09 1.023534e+09 9.129585e+08 2.932304e+08 2.350660e+08 2.086235e+08 1.020673e+08 3.663405e+07
1.570909e+11 9.992790e+09 9.928177e+09 6.471256e+09 3.047832e+09 1.714005e+09 1.198569e+09 1.018950e+09 9.104775e+08 2.931895e+08 2.350378e+08 2.086007e+08 1.020620e+08 3.663370e+07
1.529034e+11 9.992969e+09 9.929937e+09 6.514403e+09 3.063676e+09 1.714009e+09 1.194852e+09 1.014452e+09 9.080182e+08 2.931482e+08 2.350093e+08 2.085778e+08 1.020567e+08 3.663335e+07
1.488275e+11 9.993143e+09 9.931654e+09 6.557757e+09 3.080193e+09 1.714147e+09 1.191246e+09 1.010009e+09 9.055649e+08 2.931063e+08 2.349804e+08 2.085546e+08 1.020513e+08 3.663298e+07
1.448677e+11 9.993312e+09 9.933327e+09 6.601215e+09 3.097265e+09 1.714433e+09 1.187751e+09 1.005630e+09 9.031226e+08 2.930638e+08 2.349511e+08 2.085311e+08 1.020459e+08 3.663260e+07
1.409988e+11 9.993478e+09 9.934968e+09 6.644907e+09 3.114836e+09 1.714856e+09 1.184377e+09 1.001333e+09 9.007023e+08 2.930208e+08 2.349216e+08 2.085073e+08 1.020403e+08 3.663222e+07
1.372402e+11 9.993640e+09 9.936569e+09 6.688572e+09 3.132771e+09 1.715371e+09 1.181109e+09 9.971048e+08 8.982993e+08 2.929774e+08 2.348918e+08 2.084834e+08 1.020348e+08 3.663183e+07
1.335818e+11 9.993798e+09 9.938131e+09 6.732198e+09 3.151094e+09 1.715987e+09 1.177927e+09 9.929268e+08 8.959028e+08 2.929333e+08 2.348615e+08 2.084591e+08 1.020291e+08 3.663143e+07
1.300296e+11 9.993952e+09 9.939650e+09 6.775731e+09 3.169818e+09 1.716718e+09 1.174842e+09 9.888147e+08 8.935229e+08 2.928886e+08 2.348309e+08 2.084346e+08 1.020234e+08 3.663102e+07
1.265551e+11 9.994102e+09 9.941140e+09 6.819519e+09 3.189209e+09 1.717582e+09 1.171856e+09 9.847771e+08 8.911654e+08 2.928436e+08 2.348001e+08 2.084098e+08 1.020176e+08 3.663060e+07
1.231815e+11 9.994249e+09 9.942594e+09 6.863206e+09 3.209093e+09 1.718592e+09 1.168952e+09 9.807957e+08 8.888207e+08 2.927979e+08 2.347689e+08 2.083848e+08 1.020117e+08 3.663018e+07
1.198979e+11 9.994392e+09 9.944012e+09 6.906890e+09 3.229516e+09 1.719763e+09 1.166121e+09 9.768599e+08 8.864834e+08 2.927515e+08 2.347372e+08 2.083594e+08 1.020058e+08 3.662974e+07
1.167025e+11 9.994532e+09 9.945396e+09 6.950545e+09 3.250440e+09 1.721092e+09 1.163380e+09 9.729953e+08 8.841692e+08 2.927047e+08 2.347053e+08 2.083338e+08 1.019998e+08 3.662929e+07
1.135910e+11 9.994668e+09 9.946748e+09 6.994140e+09 3.271846e+09 1.722562e+09 1.160725e+09 9.692006e+08 8.818784e+08 2.926575e+08 2.346731e+08 2.083081e+08 1.019937e+08 3.662884e+07
1.105630e+11 9.994801e+09 9.948066e+09 7.037555e+09 3.293834e+09 1.724196e+09 1.158138e+09 9.654497e+08 8.795960e+08 2.926095e+08 2.346405e+08 2.082819e+08 1.019876e+08 3.662838e+07
1.076229e+11 9.994929e+09 9.949339e+09 7.080700e+09 3.316418e+09 1.726011e+09 1.155622e+09 9.617505e+08 8.773272e+08 2.925609e+08 2.346075e+08 2.082555e+08 1.019814e+08 3.662790e+07
1.047471e+11 9.995055e+09 9.950591e+09 7.123921e+09 3.339406e+09 1.727981e+09 1.153186e+09 9.581196e+08 8.750830e+08 2.925120e+08 2.345742e+08 2.082288e+08 1.019751e+08 3.662742e+07
1.019549e+11 9.995179e+09 9.951813e+09 7.166959e+09 3.362925e+09 1.730073e+09 1.150826e+09 9.545462e+08 8.728578e+08 2.924624e+08 2.345406e+08 2.082019e+08 1.019688e+08 3.662693e+07
9.923711e+10 9.995299e+09 9.953005e+09 7.209884e+09 3.387116e+09 1.732305e+09 1.148528e+09 9.510124e+08 8.706409e+08 2.924121e+08 2.345065e+08 2.081747e+08 1.019624e+08 3.662643e+07
9.659747e+10 9.995411e+09 9.954128e+09 7.252575e+09 3.411788e+09 1.734683e+09 1.146304e+09 9.475366e+08 8.684451e+08 2.923614e+08 2.344721e+08 2.081471e+08 1.019559e+08 3.662591e+07
9.401697e+10 9.995523e+09 9.955241e+09 7.295251e+09 3.436972e+09 1.737226e+09 1.144157e+09 9.441249e+08 8.662747e+08 2.923102e+08 2.344375e+08 2.081194e+08 1.019494e+08 3.662539e+07
9.151079e+10 9.995634e+09 9.956343e+09 7.337569e+09 3.462768e+09 1.739962e+09 1.142075e+09 9.407575e+08 8.641175e+08 2.922583e+08 2.344024e+08 2.080914e+08 1.019428e+08 3.662486e+07
8.907392e+10 9.995742e+09 9.957418e+09 7.379519e+09 3.489249e+09 1.742917e+09 1.140053e+09 9.374301e+08 8.619716e+08 2.922057e+08 2.343669e+08 2.080630e+08 1.019361e+08 3.662432e+07
8.669707e+10 9.995841e+09 9.958414e+09 7.421231e+09 3.516324e+09 1.746055e+09 1.138107e+09 9.341658e+08 8.598521e+08 2.921527e+08 2.343311e+08 2.080344e+08 1.019294e+08 3.662376e+07
8.438602e+10 9.995944e+09 9.959429e+09 7.462689e+09 3.543906e+09 1.749353e+09 1.136235e+09 9.309592e+08 8.577566e+08 2.920993e+08 2.342951e+08 2.080057e+08 1.019226e+08 3.662320e+07
8.213657e+10 9.996043e+09 9.960419e+09 7.503901e+09 3.572058e+09 1.752821e+09 1.134426e+09 9.277864e+08 8.556701e+08 2.920451e+08 2.342585e+08 2.079765e+08 1.019157e+08 3.662263e+07
7.995570e+10 9.996140e+09 9.961381e+09 7.544675e+09 3.600715e+09 1.756469e+09 1.132687e+09 9.246614e+08 8.536027e+08 2.919903e+08 2.342216e+08 2.079470e+08 1.019085e+08 3.662204e+07
7.781596e+10 9.996234e+09 9.962313e+09 7.585118e+09 3.630031e+09 1.760305e+09 1.131025e+09 9.215958e+08 8.515624e+08 2.919351e+08 2.341845e+08 2.079174e+08 1.019013e+08 3.662145e+07
7.574165e+10 9.996325e+09 9.963218e+09 7.625215e+09 3.659871e+09 1.764323e+09 1.129432e+09 9.185739e+08 8.495393e+08 2.918793e+08 2.341469e+08 2.078874e+08 1.018940e+08 3.662084e+07
7.372263e+10 9.996412e+09 9.964099e+09 7.665063e+09 3.690331e+09 1.768535e+09 1.127904e+09 9.155837e+08 8.475253e+08 2.918226e+08 2.341089e+08 2.078571e+08 1.018867e+08 3.662022e+07
7.175771e+10 9.996484e+09 9.964815e+09 7.704282e+09 3.721291e+09 1.772926e+09 1.126454e+09 9.126517e+08 8.455383e+08 2.917656e+08 2.340706e+08 2.078265e+08 1.018792e+08 3.661960e+07
6.984462e+10 9.996565e+09 9.965632e+09 7.743004e+09 3.752753e+09 1.777514e+09 1.125081e+09 9.097761e+08 8.435785e+08 2.917083e+08 2.340321e+08 2.077958e+08 1.018718e+08 3.661896e+07
6.798279e+10 9.996646e+09 9.966436e+09 7.781436e+09 3.784913e+09 1.782362e+09 1.123775e+09 9.069303e+08 8.416282e+08 2.916501e+08 2.339930e+08 2.077647e+08 1.018642e+08 3.661832e+07
6.617797e+10 9.996725e+09 9.967219e+09 7.819321e+09 3.817674e+09 1.787439e+09 1.122542e+09 9.041258e+08 8.396955e+08 2.915912e+08 2.339536e+08 2.077332e+08 1.018566e+08 3.661766e+07
6.440671e+10 9.996799e+09 9.967961e+09 7.856526e+09 3.851003e+09 1.792712e+09 1.121389e+09 9.013769e+08 8.377907e+08 2.915320e+08 2.339139e+08 2.077016e+08 1.018488e+08 3.661699e+07
6.268984e+10 9.996872e+09 9.968681e+09 7.893244e+09 3.884879e+09 1.798223e+09 1.120308e+09 8.986705e+08 8.359056e+08 2.914723e+08 2.338739e+08 2.076698e+08 1.018410e+08 3.661631e+07
6.101874e+10 9.996942e+09 9.969385e+09 7.929676e+09 3.919433e+09 1.804006e+09 1.119295e+09 8.959914e+08 8.340296e+08 2.914116e+08 2.338333e+08 2.076374e+08 1.018330e+08 3.661562e+07
5.939388e+10 9.996998e+09 9.969954e+09 7.965425e+09 3.954410e+09 1.810012e+09 1.118360e+09 8.933631e+08 8.321795e+08 2.913506e+08 2.337925e+08 2.076049e+08 1.018251e+08 3.661491e+07
5.780899e+10 9.997062e+09 9.970589e+09 8.000396e+09 3.989798e+09 1.816231e+09 1.117506e+09 8.907872e+08 8.303568e+08 2.912893e+08 2.337514e+08 2.075722e+08 1.018171e+08 3.661420e+07
5.626799e+10 9.997124e+09 9.971210e+09 8.034631e+09 4.025876e+09 1.822718e+09 1.116727e+09 8.882398e+08 8.285454e+08 2.912271e+08 2.337099e+08 2.075391e+08 1.018090e+08 3.661348e+07
5.477360e+10 9.997174e+09 9.971720e+09 8.068025e+09 4.062536e+09 1.829458e+09 1.116025e+09 8.857277e+08 8.267504e+08 2.911641e+08 2.336678e+08 2.075057e+08 1.018008e+08 3.661274e+07
5.330814e+10 9.997227e+09 9.972240e+09 8.100660e+09 4.099521e+09 1.836425e+09 1.115406e+09 8.832666e+08 8.249832e+08 2.911009e+08 2.336256e+08 2.074721e+08 1.017926e+08 3.661199e+07
5.188713e+10 9.997280e+09 9.972774e+09 8.132509e+09 4.136985e+09 1.843649e+09 1.114867e+09 8.808462e+08 8.232367e+08 2.910372e+08 2.335831e+08 2.074382e+08 1.017843e+08 3.661124e+07
5.050399e+10 9.997333e+09 9.973297e+09 8.163391e+09 4.175079e+09 1.851177e+09 1.114407e+09 8.784503e+08 8.214996e+08 2.909725e+08 2.335399e+08 2.074039e+08 1.017759e+08 3.661046e+07
4.915988e+10 9.997365e+09 9.973628e+09 8.192797e+09 4.213493e+09 1.858951e+09 1.114030e+09 8.761000e+08 8.197876e+08 2.909074e+08 2.334965e+08 2.073694e+08 1.017675e+08 3.660968e+07
4.784734e+10 9.997409e+09 9.974067e+09 8.221308e+09 4.252210e+09 1.866957e+09 1.113735e+09 8.737977e+08 8.181029e+08 2.908420e+08 2.334529e+08 2.073347e+08 1.017591e+08 3.660890e+07
4.657189e+10 9.997452e+09 9.974498e+09 8.249607e+09 4.291545e+09 1.875274e+09 1.113519e+09 8.715221e+08 8.164301e+08 2.907758e+08 2.334088e+08 2.072996e+08 1.017505e+08 3.660809e+07
4.533486e+10 9.997480e+09 9.974792e+09 8.277397e+09 4.331424e+09 1.883899e+09 1.113385e+09 8.692775e+08 8.147727e+08 2.907088e+08 2.333642e+08 2.072641e+08 1.017419e+08 3.660728e+07
4.412208e+10 9.997485e+09 9.974862e+09 8.304568e+09 4.371542e+09 1.892772e+09 1.113334e+09 8.670789e+08 8.131423e+08 2.906415e+08 2.333194e+08 2.072285e+08 1.017333e+08 3.660645e+07
4.294594e+10 9.997519e+09 9.975194e+09 8.330017e+09 4.411857e+09 1.901926e+09 1.113366e+09 8.649177e+08 8.115328e+08 2.905738e+08 2.332742e+08 2.071926e+08 1.017245e+08 3.660562e+07
4.180114e+10 9.997552e+09 9.975521e+09 8.353343e+09 4.452599e+09 1.911444e+09 1.113485e+09 8.627780e+08 8.099324e+08 2.905050e+08 2.332285e+08 2.071562e+08 1.017157e+08 3.660477e+07
4.068893e+10 9.997565e+09 9.975660e+09 8.374983e+09 4.493457e+09 1.921247e+09 1.113688e+09 8.606791e+08 8.083560e+08 2.904358e+08 2.331824e+08 2.071196e+08 1.017069e+08 3.660391e+07
3.960229e+10 9.997576e+09 9.975785e+09 8.395835e+09 4.534404e+09 1.931297e+09 1.113974e+09 8.586235e+08 8.068060e+08 2.903664e+08 2.331362e+08 2.070829e+08 1.016980e+08 3.660304e+07
3.854662e+10 9.997598e+09 9.976000e+09 8.415824e+09 4.575716e+09 1.941679e+09 1.114345e+09 8.565919e+08 8.052679e+08 2.902960e+08 2.330895e+08 2.070457e+08 1.016890e+08 3.660216e+07
3.752287e+10 9.997619e+09 9.976213e+09 8.434131e+09 4.617236e+09 1.952388e+09 1.114801e+09 8.545879e+08 8.037447e+08 2.902249e+08 2.330422e+08 2.070082e+08 1.016799e+08 3.660126e+07
3.651896e+10 9.997630e+09 9.976323e+09 8.450112e+09 4.658694e+09 1.963362e+09 1.115340e+09 8.526260e+08 8.022475e+08 2.901535e+08 2.329947e+08 2.069705e+08 1.016708e+08 3.660036e+07
3.554549e+10 9.997639e+09 9.976411e+09 8.465491e+09 4.700170e+09 1.974653e+09 1.115964e+09 8.506975e+08 8.007703e+08 2.900817e+08 2.329470e+08 2.069325e+08 1.016617e+08 3.659945e+07
3.459797e+10 9.997648e+09 9.976497e+09 8.480685e+09 4.741911e+09 1.986351e+09 1.116678e+09 8.487876e+08 7.993020e+08 2.900087e+08 2.328985e+08 2.068940e+08 1.016524e+08 3.659852e+07
3.367737e+10 9.997608e+09 9.976121e+09 8.494965e+09 4.783495e+09 1.998344e+09 1.117477e+09 8.469140e+08 7.978565e+08 2.899354e+08 2.328498e+08 2.068553e+08 1.016431e+08 3.659758e+07
3.277802e+10 9.997591e+09 9.975972e+09 8.506717e+09 4.824775e+09 2.010613e+09 1.118356e+09 8.450794e+08 7.964360e+08 2.898618e+08 2.328009e+08 2.068165e+08 1.016338e+08 3.659664e+07
3.190427e+10 9.997585e+09 9.975917e+09 8.516679e+09 4.866117e+09 2.023277e+09 1.119325e+09 8.432655e+08 7.950266e+08 2.897873e+08 2.327515e+08 2.067772e+08 1.016243e+08 3.659567e+07
3.105720e+10 9.997580e+09 9.975862e+09 8.524957e+09 4.907374e+09 2.036315e+09 1.120382e+09 8.414767e+08 7.936314e+08 2.897120e+08 2.327015e+08 2.067375e+08 1.016148e+08 3.659470e+07
3.022602e+10 9.997561e+09 9.975673e+09 8.530659e+09 4.948184e+09 2.049635e+09 1.121517e+09 8.397254e+08 7.922607e+08 2.896365e+08 2.326513e+08 2.066977e+08 1.016052e+08 3.659372e+07
2.942029e+10 9.997539e+09 9.975459e+09 8.535546e+09 4.988663e+09 2.063282e+09 1.122734e+09 8.380036e+08 7.909084e+08 2.895604e+08 2.326008e+08 2.066576e+08 1.015956e+08 3.659273e+07
2.863604e+10 9.997517e+09 9.975242e+09 8.540399e+09 5.029017e+09 2.077368e+09 1.124042e+09 8.362981e+08 7.895642e+08 2.894832e+08 2.325496e+08 2.066169e+08 1.015859e+08 3.659172e+07
2.787387e+10 9.997444e+09 9.974548e+09 8.544346e+09 5.068813e+09 2.091760e+09 1.125427e+09 8.346262e+08 7.882416e+08 2.894057e+08 2.324981e+08 2.065760e+08 1.015761e+08 3.659070e+07
2.712971e+10 9.997395e+09 9.974081e+09 8.545403e+09 5.107954e+09 2.106423e+09 1.126886e+09 8.329891e+08 7.869422e+08 2.893279e+08 2.324465e+08 2.065351e+08 1.015663e+08 3.658968e+07
2.640652e+10 9.997354e+09 9.973681e+09 8.544734e+09 5.146735e+09 2.121518e+09 1.128435e+09 8.313697e+08 7.856524e+08 2.892491e+08 2.323943e+08 2.064936e+08 1.015563e+08 3.658864e+07
2.570578e+10 9.997313e+09 9.973276e+09 8.543245e+09 5.184982e+09 2.137006e+09 1.130068e+09 8.297730e+08 7.843762e+08 2.891696e+08 2.323415e+08 2.064517e+08 1.015463e+08 3.658759e+07
2.501747e+10 9.997256e+09 9.972710e+09 8.539400e+09 5.222428e+09 2.152768e+09 1.131772e+09 8.282098e+08 7.831223e+08 2.890898e+08 2.322885e+08 2.064096e+08 1.015363e+08 3.658653e+07
2.435058e+10 9.997195e+09 9.972114e+09 8.534039e+09 5.259172e+09 2.168864e+09 1.133552e+09 8.266722e+08 7.818848e+08 2.890094e+08 2.322352e+08 2.063673e+08 1.015262e+08 3.658546e+07
2.370148e+10 9.997133e+09 9.971504e+09 8.527327e+09 5.295424e+09 2.185415e+09 1.135420e+09 8.251483e+08 7.806547e+08 2.889279e+08 2.321811e+08 2.063244e+08 1.015160e+08 3.658437e+07
2.307034e+10 9.997038e+09 9.970595e+09 8.518217e+09 5.330740e+09 2.202250e+09 1.137356e+09 8.236547e+08 7.794451e+08 2.888460e+08 2.321268e+08 2.062813e+08 1.015057e+08 3.658328e+07
2.245472e+10 9.996955e+09 9.969783e+09 8.506859e+09 5.365029e+09 2.219354e+09 1.139356e+09 8.221922e+08 7.782568e+08 2.887640e+08 2.320724e+08 2.062381e+08 1.014954e+08 3.658218e+07
2.185615e+10 9.996870e+09 9.968949e+09 8.497978e+09 5.398560e+09 2.236908e+09 1.141441e+09 8.207440e+08 7.770765e+08 2.886808e+08 2.320172e+08 2.061943e+08 1.014850e+08 3.658106e+07
2.127654e+10 9.996764e+09 9.967935e+09 8.492051e+09 5.431129e+09 2.254838e+09 1.143602e+09 8.193162e+08 7.759094e+08 2.885969e+08 2.319616e+08 2.061501e+08 1.014745e+08 3.657993e+07
2.070646e+10 9.996639e+09 9.966736e+09 8.484018e+09 5.462533e+09 2.273014e+09 1.145821e+09 8.179180e+08 7.747628e+08 2.885127e+08 2.319058e+08 2.061058e+08 1.014639e+08 3.657880e+07
2.015449e+10 9.996529e+09 9.965659e+09 8.471891e+09 5.492876e+09 2.291522e+09 1.148107e+09 8.165412e+08 7.736302e+08 2.884280e+08 2.318495e+08 2.060611e+08 1.014533e+08 3.657765e+07
1.961724e+10 9.996415e+09 9.964548e+09 8.455355e+09 5.522296e+09 2.310495e+09 1.150475e+09 8.151762e+08 7.725040e+08 2.883419e+08 2.317925e+08 2.060158e+08 1.014426e+08 3.657649e+07
1.909452e+10 9.996281e+09 9.963247e+09 8.436705e+09 5.550440e+09 2.329704e+09 1.152897e+09 8.138388e+08 7.713974e+08 2.882557e+08 2.317353e+08 2.059704e+08 1.014318e+08 3.657532e+07
1.858532e+10 9.996141e+09 9.961911e+09 8.417418e+09 5.577321e+09 2.349120e+09 1.155369e+09 8.125286e+08 7.703100e+08 2.881692e+08 2.316779e+08 2.059249e+08 1.014210e+08 3.657414e+07
1.808990e+10 9.995999e+09 9.960536e+09 8.400820e+09 5.603230e+09 2.368963e+09 1.157917e+09 8.112299e+08 7.692289e+08 2.880816e+08 2.316198e+08 2.058787e+08 1.014101e+08 3.657295e+07
1.761054e+10 9.995853e+09 9.959121e+09 8.385435e+09 5.628006e+09 2.389126e+09 1.160527e+09 8.099497e+08 7.681598e+08 2.879931e+08 2.315611e+08 2.058321e+08 1.013990e+08 3.657174e+07
1.713832e+10 9.995688e+09 9.957526e+09 8.368176e+09 5.651519e+09 2.409485e+09 1.163179e+09 8.086954e+08 7.671092e+08 2.879045e+08 2.315023e+08 2.057854e+08 1.013880e+08 3.657053e+07
1.668147e+10 9.995517e+09 9.955879e+09 8.349061e+09 5.673851e+09 2.430146e+09 1.165887e+09 8.074588e+08 7.660702e+08 2.878152e+08 2.314431e+08 2.057384e+08 1.013768e+08 3.656931e+07
1.623696e+10 9.995338e+09 9.954165e+09 8.327032e+09 5.695054e+09 2.451228e+09 1.168666e+09 8.062325e+08 7.650370e+08 2.877246e+08 2.313829e+08 2.056906e+08 1.013655e+08 3.656807e+07
1.580398e+10 9.995138e+09 9.952257e+09 8.302780e+09 5.714829e+09 2.472474e+09 1.171480e+09 8.050309e+08 7.640216e+08 2.876338e+08 2.313227e+08 2.056428e+08 1.013542e+08 3.656683e+07
1.538270e+10 9.994936e+09 9.950323e+09 8.279667e+09 5.733307e+09 2.493859e+09 1.174326e+09 8.038525e+08 7.630232e+08 2.875428e+08 2.312623e+08 2.055948e+08 1.013429e+08 3.656558e+07
1.497265e+10 9.994726e+09 9.948313e+09 8.258410e+09 5.750682e+09 2.515628e+09 1.177237e+09 8.026832e+08 7.620294e+08 2.874505e+08 2.312010e+08 2.055462e+08 1.013313e+08 3.656431e+07
1.457566e+10 9.994508e+09 9.946234e+09 8.236896e+09 5.766782e+09 2.537624e+09 1.180190e+09 8.015307e+08 7.610469e+08 2.873575e+08 2.311393e+08 2.054972e+08 1.013198e+08 3.656303e+07
1.418504e+10 9.994274e+09 9.944008e+09 8.212087e+09 5.781508e+09 2.559715e+09 1.183165e+09 8.004006e+08 7.600809e+08 2.872643e+08 2.310774e+08 2.054480e+08 1.013081e+08 3.656174e+07
1.380692e+10 9.994031e+09 9.941693e+09 8.188359e+09 5.794913e+09 2.582030e+09 1.186181e+09 7.992845e+08 7.591241e+08 2.871703e+08 2.310150e+08 2.053984e+08 1.012964e+08 3.656045e+07
1.343933e+10 9.993777e+09 9.939289e+09 8.164958e+09 5.806981e+09 2.604653e+09 1.189247e+09 7.981778e+08 7.581728e+08 2.870750e+08 2.309518e+08 2.053482e+08 1.012846e+08 3.655913e+07
1.308064e+10 9.993516e+09 9.936816e+09 8.139927e+09 5.817674e+09 2.627329e+09 1.192328e+09 7.970922e+08 7.572372e+08 2.869796e+08 2.308884e+08 2.052978e+08 1.012727e+08 3.655781e+07
1.273195e+10 9.993238e+09 9.934191e+09 8.114511e+09 5.827205e+09 2.650066e+09 1.195424e+09 7.960258e+08 7.563158e+08 2.868838e+08 2.308248e+08 2.052473e+08 1.012607e+08 3.655649e+07
1.239256e+10 9.992947e+09 9.931460e+09 8.089395e+09 5.835759e+09 2.673102e+09 1.198568e+09 7.949663e+08 7.553978e+08 2.867867e+08 2.307603e+08 2.051961e+08 1.012486e+08 3.655514e+07
1.206368e+10 9.992646e+09 9.928635e+09 8.064196e+09 5.843109e+09 2.696241e+09 1.201730e+09 7.939218e+08 7.544905e+08 2.866890e+08 2.306953e+08 2.051445e+08 1.012365e+08 3.655379e+07
1.174068e+10 9.992330e+09 9.925679e+09 8.037747e+09 5.849121e+09 2.719355e+09 1.204895e+09 7.928964e+08 7.535975e+08 2.865911e+08 2.306303e+08 2.050928e+08 1.012243e+08 3.655243e+07
1.142771e+10 9.992002e+09 9.922620e+09 8.010356e+09 5.854069e+09 2.742608e+09 1.208085e+09 7.918817e+08 7.527116e+08 2.864922e+08 2.305646e+08 2.050405e+08 1.012119e+08 3.655106e+07
1.112376e+10 9.991666e+09 9.919469e+09 7.982750e+09 5.857901e+09 2.766036e+09 1.211304e+09 7.908751e+08 7.518306e+08 2.863922e+08 2.304981e+08 2.049877e+08 1.011995e+08 3.654967e+07
1.082658e+10 9.991318e+09 9.916250e+09 7.955708e+09 5.860388e+09 2.789375e+09 1.214516e+09 7.898867e+08 7.509634e+08 2.862919e+08 2.304314e+08 2.049347e+08 1.011870e+08 3.654828e+07
1.053798e+10 9.990952e+09 9.912864e+09 7.927543e+09 5.861732e+09 2.812652e+09 1.217725e+09 7.889134e+08 7.501075e+08 2.861913e+08 2.303645e+08 2.048815e+08 1.011744e+08 3.654688e+07
1.025707e+10 9.990570e+09 9.909348e+09 7.898984e+09 5.862199e+09 2.836086e+09 1.220961e+09 7.879452e+08 7.492540e+08 2.860892e+08 2.302966e+08 2.048276e+08 1.011617e+08 3.654546e+07
9.984908e+09 9.990202e+09 9.905923e+09 7.870210e+09 5.861680e+09 2.859384e+09 1.224183e+09 7.869932e+08 7.484129e+08 2.859869e+08 2.302286e+08 2.047735e+08 1.011489e+08 3.654404e+07
9.717522e+09 9.989825e+09 9.902373e+09 7.840805e+09 5.860121e+09 2.882420e+09 1.227373e+09 7.860613e+08 7.475878e+08 2.858848e+08 2.301607e+08 2.047195e+08 1.011362e+08 3.654261e+07
9.458486e+09 9.989408e+09 9.898559e+09 7.811024e+09 5.857467e+09 2.905453e+09 1.230567e+09 7.851376e+08 7.467682e+08 2.857818e+08 2.300921e+08 2.046650e+08 1.011233e+08 3.654115e+07
9.206354e+09 9.988973e+09 9.894602e+09 7.781443e+09 5.853625e+09 2.928565e+09 1.233776e+09 7.842178e+08 7.459502e+08 2.856774e+08 2.300226e+08 2.046097e+08 1.011103e+08 3.653966e+07
8.960943e+09 9.988521e+09 9.890501e+09 7.753242e+09 5.848482e+09 2.951735e+09 1.236997e+09 7.833018e+08 7.451337e+08 2.855714e+08 2.299521e+08 2.045535e+08 1.010971e+08 3.653814e+07
8.722075e+09 9.988050e+09 9.886249e+09 7.725758e+09 5.842209e+09 2.974939e+09 1.240228e+09 7.823891e+08 7.443185e+08 2.854639e+08 2.298805e+08 2.044966e+08 1.010836e+08 3.653659e+07
8.489732e+09 9.987571e+09 9.881941e+09 7.698278e+09 5.835062e+09 2.997697e+09 1.243404e+09 7.814977e+08 7.435210e+08 2.853571e+08 2.298093e+08 2.044400e+08 1.010703e+08 3.653506e+07
8.263270e+09 9.987085e+09 9.877586e+09 7.670317e+09 5.827342e+09 3.019967e+09 1.246518e+09 7.806277e+08 7.427410e+08 2.852510e+08 2.297387e+08 2.043838e+08 1.010570e+08 3.653353e+07
8.042999e+09 9.986580e+09 9.873084e+09 7.641806e+09 5.819355e+09 3.042188e+09 1.249634e+09 7.797606e+08 7.419622e+08 2.851434e+08 2.296670e+08 2.043268e+08 1.010435e+08 3.653199e+07
7.828599e+09 9.986056e+09 9.868429e+09 7.612873e+09 5.811294e+09 3.064353e+09 1.252749e+09 7.788961e+08 7.411842e+08 2.850344e+08 2.295943e+08 2.042689e+08 1.010299e+08 3.653042e+07
7.619915e+09 9.985511e+09 9.863618e+09 7.583521e+09 5.802960e+09 3.086441e+09 1.255860e+09 7.780338e+08 7.404067e+08 2.849238e+08 2.295206e+08 2.042102e+08 1.010160e+08 3.652883e+07
7.417680e+09 9.984987e+09 9.858791e+09 7.553877e+09 5.794148e+09 3.108334e+09 1.258952e+09 7.771776e+08 7.396331e+08 2.848121e+08 2.294462e+08 2.041510e+08 1.010020e+08 3.652720e+07
7.219086e+09 9.984441e+09 9.853970e+09 7.524728e+09 5.784753e+09 3.129662e+09 1.261970e+09 7.763410e+08 7.388759e+08 2.847012e+08 2.293722e+08 2.040921e+08 1.009881e+08 3.652558e+07
7.026650e+09 9.983868e+09 9.848957e+09 7.495968e+09 5.774671e+09 3.150511e+09 1.264927e+09 7.755196e+08 7.381313e+08 2.845905e+08 2.292984e+08 2.040333e+08 1.009742e+08 3.652396e+07
6.839343e+09 9.983273e+09 9.843785e+09 7.467096e+09 5.763686e+09 3.171215e+09 1.267871e+09 7.746995e+08 7.373865e+08 2.844784e+08 2.292235e+08 2.039737e+08 1.009602e+08 3.652232e+07
6.657029e+09 9.982657e+09 9.838452e+09 7.438074e+09 5.751747e+09 3.191747e+09 1.270799e+09 7.738804e+08 7.366413e+08 2.843646e+08 2.291476e+08 2.039133e+08 1.009459e+08 3.652066e+07
6.479575e+09 9.982019e+09 9.832958e+09 7.408803e+09 5.738828e+09 3.212087e+09 1.273707e+09 7.730620e+08 7.358957e+08 2.842493e+08 2.290705e+08 2.038519e+08 1.009314e+08 3.651897e+07
6.308497e+09 9.981433e+09 9.827591e+09 7.379674e+09 5.725081e+09 3.232018e+09 1.276565e+09 7.722521e+08 7.351568e+08 2.841334e+08 2.289931e+08 2.037903e+08 1.009168e+08 3.651728e+07
6.138731e+09 9.980862e+09 9.822321e+09 7.350589e+09 5.711070e+09 3.251313e+09 1.279341e+09 7.714594e+08 7.344326e+08 2.840183e+08 2.289163e+08 2.037290e+08 1.009023e+08 3.651560e+07
5.975093e+09 9.980202e+09 9.816683e+09 7.321581e+09 5.696704e+09 3.270156e+09 1.282059e+09 7.706757e+08 7.337157e+08 2.839030e+08 2.288392e+08 2.036676e+08 1.008878e+08 3.651391e+07
5.815817e+09 9.979520e+09 9.810879e+09 7.292469e+09 5.681798e+09 3.288745e+09 1.284750e+09 7.698918e+08 7.329978e+08 2.837860e+08 2.287611e+08 2.036053e+08 1.008730e+08 3.651221e+07
5.660787e+09 9.978814e+09 9.804909e+09 7.263362e+09 5.666327e+09 3.307062e+09 1.287410e+09 7.691077e+08 7.322786e+08 2.836674e+08 2.286818e+08 2.035421e+08 1.008581e+08 3.651047e+07
5.509889e+09 9.978084e+09 9.798775e+09 7.234620e+09 5.650281e+09 3.325087e+09 1.290037e+09 7.683233e+08 7.315581e+08 2.835471e+08 2.286013e+08 2.034780e+08 1.008429e+08 3.650872e+07
5.363885e+09 9.977366e+09 9.792705e+09 7.206459e+09 5.633927e+09 3.342533e+09 1.292589e+09 7.675503e+08 7.308470e+08 2.834269e+08 2.285210e+08 2.034139e+08 1.008277e+08 3.650697e+07
5.220054e+09 9.976701e+09 9.786769e+09 7.178417e+09 5.617443e+09 3.359307e+09 1.295050e+09 7.667928e+08 7.301492e+08 2.833077e+08 2.284412e+08 2.033503e+08 1.008126e+08 3.650522e+07
5.080905e+09 9.975953e+09 9.780572e+09 7.150261e+09 5.600709e+09 3.375666e+09 1.297460e+09 7.660388e+08 7.294539e+08 2.831875e+08 2.283607e+08 2.032861e+08 1.007974e+08 3.650347e+07
4.945465e+09 9.975182e+09 9.774212e+09 7.121885e+09 5.583662e+09 3.391695e+09 1.299829e+09 7.652835e+08 7.287565e+08 2.830656e+08 2.282791e+08 2.032210e+08 1.007819e+08 3.650169e+07
4.813635e+09 9.974386e+09 9.767691e+09 7.093400e+09 5.566272e+09 3.407375e+09 1.302155e+09 7.645267e+08 7.280571e+08 2.829420e+08 2.281963e+08 2.031550e+08 1.007663e+08 3.649989e+07
4.685320e+09 9.973565e+09 9.761006e+09 7.064831e+09 5.548466e+09 3.422691e+09 1.304437e+09 7.637682e+08 7.273555e+08 2.828166e+08 2.281123e+08 2.030880e+08 1.007504e+08 3.649806e+07
4.560463e+09 9.972748e+09 9.754274e+09 7.036709e+09 5.530517e+09 3.437322e+09 1.306624e+09 7.630235e+08 7.266659e+08 2.826921e+08 2.280289e+08 2.030214e+08 1.007345e+08 3.649624e+07
4.438859e+09 9.971938e+09 9.747740e+09 7.009062e+09 5.512463e+09 3.451284e+09 1.308720e+09 7.622926e+08 7.259885e+08 2.825686e+08 2.279460e+08 2.029553e+08 1.007188e+08 3.649444e+07
4.320534e+09 9.971104e+09 9.741059e+09 6.981408e+09 5.494030e+09 3.464873e+09 1.310767e+09 7.615596e+08 7.253086e+08 2.824434e+08 2.278621e+08 2.028883e+08 1.007029e+08 3.649262e+07
4.205363e+09 9.970246e+09 9.734226e+09 6.953790e+09 5.475329e+09 3.478080e+09 1.312764e+09 7.608243e+08 7.246259e+08 2.823164e+08 2.277769e+08 2.028203e+08 1.006867e+08 3.649076e+07
4.093262e+09 9.969363e+09 9.727241e+09 6.926201e+09 5.456499e+09 3.490893e+09 1.314709e+09 7.600866e+08 7.239404e+08 2.821877e+08 2.276905e+08 2.027513e+08 1.006703e+08 3.648889e+07
3.984723e+09 9.968538e+09 9.720151e+09 6.898704e+09 5.437517e+09 3.503237e+09 1.316590e+09 7.593502e+08 7.232555e+08 2.820579e+08 2.276033e+08 2.026817e+08 1.006537e+08 3.648699e+07
3.877945e+09 9.967783e+09 9.713150e+09 6.871546e+09 5.418439e+09 3.514925e+09 1.318377e+09 7.586267e+08 7.225820e+08 2.819290e+08 2.275167e+08 2.026126e+08 1.006372e+08 3.648511e+07
3.774572e+09 9.966913e+09 9.706212e+09 6.844659e+09 5.399290e+09 3.526040e+09 1.320082e+09 7.579118e+08 7.219160e+08 2.818004e+08 2.274304e+08 2.025436e+08 1.006208e+08 3.648323e+07
3.673955e+09 9.966006e+09 9.699118e+09 6.817720e+09 5.379976e+09 3.536761e+09 1.321732e+09 7.571936e+08 7.212467e+08 2.816700e+08 2.273428e+08 2.024736e+08 1.006041e+08 3.648133e+07
3.576019e+09 9.965074e+09 9.691878e+09 6.790802e+09 5.360713e+09 3.547080e+09 1.323324e+09 7.564722e+08 7.205738e+08 2.815378e+08 2.272540e+08 2.024026e+08 1.005871e+08 3.647940e+07
3.480695e+09 9.964118e+09 9.684491e+09 6.763932e+09 5.341391e+09 3.556991e+09 1.324858e+09 7.557473e+08 7.198973e+08 2.814038e+08 2.271638e+08 2.023305e+08 1.005699e+08 3.647744e+07
3.388859e+09 9.963150e+09 9.677049e+09 6.737390e+09 5.322103e+09 3.566381e+09 1.326315e+09 7.550271e+08 7.192245e+08 2.812694e+08 2.270735e+08 2.022583e+08 1.005526e+08 3.647548e+07
3.297601e+09 9.962329e+09 9.669686e+09 6.711265e+09 5.302919e+09 3.575175e+09 1.327682e+09 7.543186e+08 7.185621e+08 2.811360e+08 2.269837e+08 2.021866e+08 1.005355e+08 3.647353e+07
3.209698e+09 9.961380e+09 9.662439e+09 6.685272e+09 5.283637e+09 3.583493e+09 1.328977e+09 7.536137e+08 7.179023e+08 2.810021e+08 2.268936e+08 2.021145e+08 1.005182e+08 3.647157e+07
3.124138e+09 9.960408e+09 9.655060e+09 6.659174e+09 5.264056e+09 3.591421e+09 1.330211e+09 7.529047e+08 7.172386e+08 2.808664e+08 2.268023e+08 2.020415e+08 1.005007e+08 3.646959e+07
3.040859e+09 9.959411e+09 9.647547e+09 6.633031e+09 5.244171e+09 3.598957e+09 1.331384e+09 7.521915e+08 7.165706e+08 2.807288e+08 2.267096e+08 2.019674e+08 1.004830e+08 3.646758e+07
2.959800e+09 9.958390e+09 9.639899e+09 6.606896e+09 5.223973e+09 3.606095e+09 1.332493e+09 7.514740e+08 7.158983e+08 2.805893e+08 2.266156e+08 2.018922e+08 1.004649e+08 3.646553e+07
2.881228e+09 9.957374e+09 9.632344e+09 6.581237e+09 5.203846e+09 3.612719e+09 1.333520e+09 7.507643e+08 7.152332e+08 2.804503e+08 2.265219e+08 2.018172e+08 1.004469e+08 3.646350e+07
2.804106e+09 9.956387e+09 9.625039e+09 6.556137e+09 5.183994e+09 3.618829e+09 1.334463e+09 7.500655e+08 7.145779e+08 2.803124e+08 2.264290e+08 2.017428e+08 1.004291e+08 3.646148e+07
2.729358e+09 9.955382e+09 9.617651e+09 6.531114e+09 5.164112e+09 3.624545e+09 1.335340e+09 7.493651e+08 7.139205e+08 2.801731e+08 2.263351e+08 2.016676e+08 1.004110e+08 3.645944e+07
2.656602e+09 9.954354e+09 9.610144e+09 6.505987e+09 5.144101e+09 3.629891e+09 1.336154e+09 7.486599e+08 7.132586e+08 2.800319e+08 2.262399e+08 2.015914e+08 1.003927e+08 3.645736e+07
2.585786e+09 9.953303e+09 9.602505e+09 6.480625e+09 5.123922e+09 3.634865e+09 1.336903e+09 7.479497e+08 7.125918e+08 2.798888e+08 2.261433e+08 2.015140e+08 1.003740e+08 3.645526e+07
2.516999e+09 9.952300e+09 9.594400e+09 6.455159e+09 5.103649e+09 3.639456e+09 1.337584e+09 7.472359e+08 7.119215e+08 2.797440e+08 2.260456e+08 2.014358e+08 1.003552e+08 3.645314e+07
2.449767e+09 9.951429e+09 9.586352e+09 6.430153e+09 5.083701e+09 3.643592e+09 1.338187e+09 7.465322e+08 7.112606e+08 2.796004e+08 2.259485e+08 2.013580e+08 1.003364e+08 3.645102e+07
2.384464e+09 9.950442e+09 9.578649e+09 6.405645e+09 5.063943e+09 3.647316e+09 1.338714e+09 7.458371e+08 7.106076e+08 2.794576e+08 2.258521e+08 2.012807e+08 1.003178e+08 3.644892e+07
2.320902e+09 9.949400e+09 9.571143e+09 6.381240e+09 5.044008e+09 3.650719e+09 1.339179e+09 7.451367e+08 7.099496e+08 2.793128e+08 2.257542e+08 2.012023e+08 1.002989e+08 3.644679e+07
2.259035e+09 9.948337e+09 9.563537e+09 6.356986e+09 5.023924e+09 3.653801e+09 1.339578e+09 7.444308e+08 7.092863e+08 2.791661e+08 2.256550e+08 2.011228e+08 1.002796e+08 3.644463e+07
2.198817e+09 9.947252e+09 9.555823e+09 6.332883e+09 5.003715e+09 3.656562e+09 1.339912e+09 7.437194e+08 7.086176e+08 2.790174e+08 2.255543e+08 2.010421e+08 1.002601e+08 3.644243e+07
2.140688e+09 9.946154e+09 9.548071e+09 6.308994e+09 4.983572e+09 3.658982e+09 1.340177e+09 7.430083e+08 7.079490e+08 2.788678e+08 2.254531e+08 2.009610e+08 1.002405e+08 3.644022e+07
2.083153e+09 9.945245e+09 9.540148e+09 6.285425e+09 4.963776e+09 3.661045e+09 1.340372e+09 7.423069e+08 7.072892e+08 2.787194e+08 2.253527e+08 2.008804e+08 1.002210e+08 3.643803e+07
2.027623e+09 9.944201e+09 9.532465e+09 6.262067e+09 4.944204e+09 3.662789e+09 1.340502e+09 7.416090e+08 7.066327e+08 2.785710e+08 2.252522e+08 2.007998e+08 1.002014e+08 3.643584e+07
1.973573e+09 9.943136e+09 9.525001e+09 6.238696e+09 4.924648e+09 3.664242e+09 1.340568e+09 7.409053e+08 7.059707e+08 2.784205e+08 2.251503e+08 2.007181e+08 1.001816e+08 3.643361e+07
1.920964e+09 9.942051e+09 9.517452e+09 6.215358e+09 4.905163e+09 3.665408e+09 1.340569e+09 7.401956e+08 7.053029e+08 2.782679e+08 2.250469e+08 2.006351e+08 1.001614e+08 3.643135e+07
1.869758e+09 9.940946e+09 9.509810e+09 6.192061e+09 4.885735e+09 3.666287e+09 1.340505e+09 7.394797e+08 7.046291e+08 2.781133e+08 2.249421e+08 2.005510e+08 1.001410e+08 3.642905e+07
1.820249e+09 9.939849e+09 9.502273e+09 6.169134e+09 4.866635e+09 3.666881e+09 1.340376e+09 7.387684e+08 7.039594e+08 2.779589e+08 2.248374e+08 2.004670e+08 1.001205e+08 3.642676e+07
1.771404e+09 9.938804e+09 9.495117e+09 6.146682e+09 4.847970e+09 3.667210e+09 1.340188e+09 7.380664e+08 7.032982e+08 2.778058e+08 2.247335e+08 2.003836e+08 1.001002e+08 3.642448e+07
1.724184e+09 9.937749e+09 9.487942e+09 6.124381e+09 4.829476e+09 3.667295e+09 1.339939e+09 7.373628e+08 7.026354e+08 2.776516e+08 2.246289e+08 2.002995e+08 1.000797e+08 3.642219e+07
1.678223e+09 9.936676e+09 9.480687e+09 6.102117e+09 4.811056e+09 3.667138e+09 1.339627e+09 7.366529e+08 7.019664e+08 2.774954e+08 2.245228e+08 2.002143e+08 1.000589e+08 3.641986e+07
1.633487e+09 9.935586e+09 9.473119e+09 6.079889e+09 4.792739e+09 3.666743e+09 1.339252e+09 7.359365e+08 7.012913e+08 2.773370e+08 2.244152e+08 2.001279e+08 1.000378e+08 3.641749e+07
1.589952e+09 9.934529e+09 9.464997e+09 6.057606e+09 4.774560e+09 3.666116e+09 1.338812e+09 7.352135e+08 7.006101e+08 2.771764e+08 2.243061e+08 2.000402e+08 1.000164e+08 3.641509e+07
1.547561e+09 9.933662e+09 9.456993e+09 6.035733e+09 4.756952e+09 3.665285e+09 1.338319e+09 7.344994e+08 6.999374e+08 2.770172e+08 2.241978e+08 1.999532e+08 9.999509e+07 3.641270e+07
1.506308e+09 9.932678e+09 9.449401e+09 6.014335e+09 4.739942e+09 3.664282e+09 1.337777e+09 7.337943e+08 6.992731e+08 2.768592e+08 2.240905e+08 1.998669e+08 9.997394e+07 3.641034e+07
1.466155e+09 9.931635e+09 9.442121e+09 5.993009e+09 4.723200e+09 3.663101e+09 1.337173e+09 7.330825e+08 6.986025e+08 2.766991e+08 2.239816e+08 1.997793e+08 9.995248e+07 3.640793e+07
1.427072e+09 9.930575e+09 9.435054e+09 5.971704e+09 4.706782e+09 3.661751e+09 1.336509e+09 7.323639e+08 6.979254e+08 2.765368e+08 2.238712e+08 1.996905e+08 9.993069e+07 3.640549e+07
1.389031e+09 9.929500e+09 9.427926e+09 5.950384e+09 4.690743e+09 3.660232e+09 1.335783e+09 7.316384e+08 6.972417e+08 2.763723e+08 2.237592e+08 1.996005e+08 9.990857e+07 3.640301e+07
1.352264e+09 9.928416e+09 9.420800e+09 5.929182e+09 4.675254e+09 3.658560e+09 1.335000e+09 7.309110e+08 6.965561e+08 2.762067e+08 2.236464e+08 1.995098e+08 9.988626e+07 3.640052e+07
1.315965e+09 9.927397e+09 9.414101e+09 5.908382e+09 4.660584e+09 3.656765e+09 1.334173e+09 7.301924e+08 6.958787e+08 2.760425e+08 2.235346e+08 1.994198e+08 9.986411e+07 3.639804e+07
1.280885e+09 9.926392e+09 9.407536e+09 5.887963e+09 4.646666e+09 3.654857e+09 1.333301e+09 7.294774e+08 6.952047e+08 2.758786e+08 2.234229e+08 1.993299e+08 9.984196e+07 3.639555e+07
1.246741e+09 9.925373e+09 9.400915e+09 5.867779e+09 4.633362e+09 3.652822e+09 1.332369e+09 7.287555e+08 6.945239e+08 2.757124e+08 2.233096e+08 1.992387e+08 9.981946e+07 3.639304e+07
1.213507e+09 9.924340e+09 9.393948e+09 5.848006e+09 4.620762e+09 3.650662e+09 1.331379e+09 7.280263e+08 6.938362e+08 2.755439e+08 2.231947e+08 1.991462e+08 9.979662e+07 3.639048e+07
1.181159e+09 9.923297e+09 9.386477e+09 5.828769e+09 4.608959e+09 3.648382e+09 1.330329e+09 7.272898e+08 6.931417e+08 2.753732e+08 2.230782e+08 1.990524e+08 9.977344e+07 3.638788e+07
1.149913e+09 9.922414e+09 9.379058e+09 5.810484e+09 4.598207e+09 3.646017e+09 1.329234e+09 7.265565e+08 6.924502e+08 2.752026e+08 2.229617e+08 1.989586e+08 9.975024e+07 3.638528e+07
1.119027e+09 9.921454e+09 9.372832e+09 5.793470e+09 4.588607e+09 3.643593e+09 1.328107e+09 7.258320e+08 6.917671e+08 2.750335e+08 2.228463e+08 1.988656e+08 9.972720e+07 3.638270e+07
1.089197e+09 9.920490e+09 9.366656e+09 5.777698e+09 4.580080e+09 3.641086e+09 1.326932e+09 7.251059e+08 6.910825e+08 2.748634e+08 2.227301e+08 1.987720e+08 9.970399e+07 3.638010e+07
1.060163e+09 9.919514e+09 9.360330e+09 5.763532e+09 4.572665e+09 3.638480e+09 1.325701e+09 7.243723e+08 6.903908e+08 2.746910e+08 2.226123e+08 1.986771e+08 9.968042e+07 3.637746e+07
1.031903e+09 9.918526e+09 9.353507e+09 5.751745e+09 4.566481e+09 3.635781e+09 1.324413e+09 7.236312e+08 6.896919e+08 2.745163e+08 2.224928e+08 1.985808e+08 9.965649e+07 3.637477e+07
1.004396e+09 9.917499e+09 9.346199e+09 5.743314e+09 4.561658e+09 3.632992e+09 1.323066e+09 7.228824e+08 6.889857e+08 2.743392e+08 2.223717e+08 1.984831e+08 9.963220e+07 3.637205e+07
