 482  1.428172e+000
 1.5363080745675817e-009  1.0000000000000000e-002  8.8412819574603143e+034  7.2946929931640625e+014 -4.0319958480503504e-001  4.0651361993220325e-001  3.0608186410669126e-002  1.7670559515773208e-002
 1.9471784639327505e-009  1.0822040745094807e-002  8.8412799285361544e+034  7.2946887254333875e+014 -4.0319955753552983e-001  4.0651358920725977e-001  3.0608181814465511e-002  1.7670555669054643e-002
 2.4753466709592987e-009  1.1723373594182535e-002  8.8412775197817410e+034  7.2946879855045562e+014 -4.0319952516095953e-001  4.0651355273036438e-001  3.0608176357816944e-002  1.7670551102200671e-002
 3.1467789872997280e-009  1.2699774947889634e-002  8.8412746930861912e+034  7.2946871171911162e+014 -4.0319948716909670e-001  4.0651350992438334e-001  3.0608169954389221e-002  1.7670545742955297e-002
 4.0003351555792319e-009  1.3757496807091278e-002  8.8412713759335150e+034  7.2946860982173125e+014 -4.0319944258529739e-001  4.0651345969116892e-001  3.0608162439908847e-002  1.7670539453832557e-002
 5.0854153322411128e-009  1.4903311819811131e-002  8.8412674832260762e+034  7.2946849024424800e+014 -4.0319939026581275e-001  4.0651340074204184e-001  3.0608153621600531e-002  1.7670532073492385e-002
 6.4648190387784717e-009  1.6144556627124985e-002  8.8412629151016178e+034  7.2946834991904837e+014 -4.0319932886845034e-001  4.0651333156473296e-001  3.0608143273242051e-002  1.7670523412601880e-002
 8.2183795385689088e-009  1.7489178814533435e-002  8.8412575543716899e+034  7.2946818524628050e+014 -4.0319925681814506e-001  4.0651325038459074e-001  3.0608131129361289e-002  1.7670513248978701e-002
 1.0447583942115467e-008  1.8945787767822044e-002  8.8412512635157434e+034  7.2946799200151787e+014 -4.0319917226655799e-001  4.0651315511906050e-001  3.0608116878426930e-002  1.7670501321892042e-002
 1.3281446372841422e-008  2.0523709756987110e-002  8.8412438811539762e+034  7.2946776522740587e+014 -4.0319907304466707e-001  4.0651304332426902e-001  3.0608100154858136e-002  1.7670487325375319e-002
 1.6883974016657256e-008  2.2233047598317634e-002  8.8412352179079744e+034  7.2946749910650525e+014 -4.0319895660713373e-001  4.0651291213233753e-001  3.0608080529647311e-002  1.7670470900378234e-002
 2.1463658021640775e-008  2.4084745273324788e-002  8.8412250515439624e+034  7.2946718681209375e+014 -4.0319881996702051e-001  4.0651275817783034e-001  3.0608057499358056e-002  1.7670451625558609e-002
 2.7285538334511177e-008  2.6090657914043278e-002  8.8412131212731880e+034  7.2946682033307600e+014 -4.0319865961918516e-001  4.0651257751143782e-001  3.0608030473213164e-002  1.7670429006476245e-002
 3.4686540425017360e-008  2.8263627597437016e-002  8.8411991210641890e+034  7.2946639026853725e+014 -4.0319847145039034e-001  4.0651236549869385e-001  3.0607998757944677e-002  1.7670402462913307e-002
 4.4094971056373053e-008  3.0617565427372685e-002  8.8411826917954437e+034  7.2946588558666775e+014 -4.0319825063382425e-001  4.0651211670113058e-001  3.0607961540016465e-002  1.7670371313996250e-002
 5.6055300734216746e-008  3.3167540421021768e-002  8.8411634120471730e+034  7.2946529334188450e+014 -4.0319799150533170e-001  4.0651182473682096e-001  3.0607917864764356e-002  1.7670334760737417e-002
 7.1259666087496317e-008  3.5929875757752160e-002  8.8411407872970900e+034  7.2946459834291212e+014 -4.0319768741818690e-001  4.0651148211674726e-001  3.0607866611920123e-002  1.7670291865550882e-002
 9.0587913832890917e-008  3.8922252992703188e-002  8.8411142372429723e+034  7.2946378276331187e+014 -4.0319733057269025e-001  4.0651108005279563e-001  3.0607806466892203e-002  1.7670241528216529e-002
 1.1515850154308920e-007  4.2163824884409812e-002  8.8410830809286379e+034  7.2946282568452200e+014 -4.0319691181623013e-001  4.0651060823247748e-001  3.0607735887069873e-002  1.7670182457679696e-002
 1.4639319761633321e-007  4.5675337536135910e-002  8.8410465192923675e+034  7.2946170255969825e+014 -4.0319642040869641e-001  4.0651005455460498e-001  3.0607653062288079e-002  1.7670113138963685e-002
 1.8609931973774979e-007  4.9479262604032195e-002  8.8410036146923505e+034  7.2946038458466237e+014 -4.0319584374725065e-001  4.0650940481917003e-001  3.0607555868443815e-002  1.7670031794350893e-002
 2.3657426356824551e-007  5.3599940381839552e-002  8.8409532668862869e+034  7.2945883795989012e+014 -4.0319516704342306e-001  4.0650864236350226e-001  3.0607441813078982e-002  1.7669936337841127e-002
 3.0073835956565406e-007  5.8063734631521820e-002  8.8408941848527054e+034  7.2945702302470912e+014 -4.0319437294429594e-001  4.0650774763542208e-001  3.0607307971542579e-002  1.7669824321725633e-002
 3.8230372953983273e-007  6.2899200091746710e-002  8.8408248537356318e+034  7.2945489324161600e+014 -4.0319344108811389e-001  4.0650669769249859e-001  3.0607150912103972e-002  1.7669692873915430e-002
 4.8598888937519390e-007  6.8137263661198905e-002  8.8407434960716218e+034  7.2945239400485362e+014 -4.0319234758300299e-001  4.0650546561465650e-001  3.0606966608112161e-002  1.7669538624428473e-002
 6.1779147899403323e-007  7.3811420320816515e-002  8.8406480263138102e+034  7.2944946124294100e+014 -4.0319106439553726e-001  4.0650401981518997e-001  3.0606750334967715e-002  1.7669357619168369e-002
 7.8533484546289726e-007  7.9957944927430039e-002  8.8405359974986940e+034  7.2944601977963962e+014 -4.0318955863362244e-001  4.0650232323266672e-001  3.0606496549291953e-002  1.7669145218805110e-002
 9.9830845061381321e-007  8.6616121079918909e-002  8.8404045387053572e+034  7.2944198141180937e+014 -4.0318779170551267e-001  4.0650033238323063e-001  3.0606198747232530e-002  1.7668895980198041e-002
 1.2690274617039759e-006  9.3828488326432730e-002  8.8402502817270277e+034  7.2943724265550487e+014 -4.0318571833367900e-001  4.0649799624930999e-001  3.0605849298325157e-002  1.7668603517364666e-002
 1.6131437172984922e-006  1.0164110904550344e-001  8.8400692751068508e+034  7.2943168210340762e+014 -4.0318328539863524e-001  4.0649525497665812e-001  3.0605439250720914e-002  1.7668260338491025e-002
 2.0505489258679424e-006  1.1010385639240190e-001  8.8398568833782693e+034  7.2942515732705237e+014 -4.0318043058361674e-001  4.0649203834690228e-001  3.0604958102884695e-002  1.7667857654888250e-002
 2.6065219376170154e-006  1.1927072475142030e-001  8.8396076689887495e+034  7.2941750124613450e+014 -4.0317708078610703e-001  4.0648826398725563e-001  3.0604393536047551e-002  1.7667385157114527e-002
 3.3131858434611649e-006  1.2920016417039892e-001  8.8393152539638790e+034  7.2940851787412725e+014 -4.0317315025651451e-001  4.0648383527259868e-001  3.0603731100739873e-002  1.7666830752681082e-002
 4.2113582698722950e-006  1.3995544026991366e-001  8.8389721578829837e+034  7.2939797733436850e+014 -4.0316853841769562e-001  4.0647863886769431e-001  3.0602953849628477e-002  1.7666180258839818e-002
 5.3529005230748738e-006  1.5160502110853691e-001  8.8385696081732451e+034  7.2938561002326475e+014 -4.0316312731137771e-001  4.0647254184863973e-001  3.0602041907600113e-002  1.7665417042879532e-002
 6.8036994048180209e-006  1.6422299243780489e-001  8.8380973180819348e+034  7.2937109977710987e+014 -4.0315677860870769e-001  4.0646538833269463e-001  3.0600971968560976e-002  1.7664521601129322e-002
 8.6474510924258202e-006  1.7788950268354198e-001  8.8375432269398899e+034  7.2935407587572225e+014 -4.0314933011199744e-001  4.0645699553410336e-001  3.0599716706726766e-002  1.7663471066451716e-002
 1.0990461339547156e-005  1.9269123882827041e-001  8.8368931964804948e+034  7.2933410368954925e+014 -4.0314059166308719e-001  4.0644714915036784e-001  3.0598244088243548e-002  1.7662238632396181e-002
 1.3967732759444883e-005  2.0872193412261383e-001  8.8361306560066782e+034  7.2931067374634862e+014 -4.0313034036045603e-001  4.0643559796830381e-001  3.0596516566768147e-002  1.7660792880339875e-002
 1.7750681002227616e-005  2.2608290819674151e-001  8.8352361881071786e+034  7.2928318895913012e+014 -4.0311831497211759e-001  4.0642204756211869e-001  3.0594490144146988e-002  1.7659096993869163e-002
 2.2556910798385556e-005  2.4488363964451929e-001  8.8341870453933559e+034  7.2925094971798437e+014 -4.0310420941432651e-001  4.0640615293635113e-001  3.0592113274523797e-002  1.7657107842320552e-002
 2.8662594467653540e-005  2.6524237047388100e-001  8.8329565873683920e+034  7.2921313650495512e+014 -4.0308766514710825e-001  4.0638750994486689e-001  3.0589325587096292e-002  1.7654774912814756e-002
 3.6418134854671839e-005  2.8728674090841810e-001  8.8315136250472158e+034  7.2916878964287775e+014 -4.0306826231660381e-001  4.0636564529304980e-001  3.0586056399315727e-002  1.7652039067279017e-002
 4.6267968061626787e-005  3.1115445182757162e-001  8.8298216593385928e+034  7.2911678573655000e+014 -4.0304550945130474e-001  4.0634000490402344e-001  3.0582222988626510e-002  1.7648831097894693e-002
 5.8775576256557648e-005  3.3699395057332626e-001  8.8278379975107996e+034  7.2905581030833887e+014 -4.0301883149474005e-001  4.0630994040148305e-001  3.0577728586935991e-002  1.7645070051187855e-002
 7.4655045891467204e-005  3.6496513384217594e-001  8.8255127303399854e+034  7.2898432607152837e+014 -4.0298755593160618e-001  4.0627469343200778e-001  3.0572460057997297e-002  1.7640661287695428e-002
 9.4810831658956297e-005  3.9524005881785818e-001  8.8227875508724839e+034  7.2890053622549512e+014 -4.0295089673864032e-001  4.0623337751957644e-001  3.0566285213967457e-002  1.7635494240949345e-002
 1.2038778216687575e-004  4.2800365046065092e-001  8.8195943942470259e+034  7.2880234210043112e+014 -4.0290793586715035e-001  4.0618495711591313e-001  3.0559049723845218e-002  1.7629439836669258e-002
 1.5283396076094745e-004  4.6345438881255485e-001  8.8158538769058801e+034  7.2868729443058862e+014 -4.0285760194318149e-001  4.0612822348451355e-001  3.0550573563705583e-002  1.7622347530887331e-002
 1.9397936481469329e-004  5.0180495514837864e-001  8.8114735130419519e+034  7.2855253750090862e+014 -4.0279864585689984e-001  4.0606176703705760e-001  3.0540646957211367e-002  1.7614041924750523e-002
 2.4613431769158415e-004  5.4328280963362530e-001  8.8063456866453152e+034  7.2839474540211487e+014 -4.0272961290922310e-001  4.0598394573299168e-001  3.0529025755595674e-002  1.7604318914639011e-002
 3.1221208342766145e-004  5.8813066567386285e-001  8.8003453595273551e+034  7.2821004965735762e+014 -4.0264881119693874e-001  4.0589284916277696e-001  3.0515426210270723e-002  1.7592941339948834e-002
 3.9588113052549829e-004  6.3660681720682555e-001  8.7933274998633451e+034  7.2799395756697075e+014 -4.0255427595539672e-001  4.0578625797110196e-001  3.0499519099862375e-002  1.7579634098633432e-002
 5.0175342962560318e-004  6.8898526469335653e-001  8.7851242229529727e+034  7.2774126078019212e+014 -4.0244372965062331e-001  4.0566159834942311e-001  3.0480923188669500e-002  1.7564078713989451e-002
 6.3561616989333517e-004  7.4555557349034995e-001  8.7755416471084229e+034  7.2744593387316950e+014 -4.0231453773339604e-001  4.0551589145164280e-001  3.0459198017643404e-002  1.7545907357194336e-002
 8.0471524791310314e-004  8.0662238477213544e-001  8.7643564841255216e+034  7.2710102312740925e+014 -4.0216366015245075e-001  4.0534569778002899e-001  3.0433836064831975e-002  1.7524696361190754e-002
 1.0180997017729398e-003  8.7250448457513696e-001  8.7513124071587204e+034  7.2669852630461262e+014 -4.0198759899141506e-001  4.0514705687125663e-001  3.0404254363153384e-002  1.7499959305474648e-002
 1.2870367502853142e-003  9.4353332158862502e-001  8.7361162706246514e+034  7.2622926505011500e+014 -4.0178234296535326e-001  4.0491542300792444e-001  3.0369785732993402e-002  1.7471139811252312e-002
 1.6255069905507897e-003  1.0200508501977419e+000  8.7184342985903532e+034  7.2568275267658050e+014 -4.0154331000959748e-001  4.0464559821308399e-001  3.0329669879080479e-002  1.7437604265318887e-002
 2.0507882460746463e-003  1.1024065638333100e+000  8.6978884112542459e+034  7.2504706152538287e+014 -4.0126528983504883e-001  4.0433166447598989e-001  3.0283044718397600e-002  1.7398634791359623e-002
 2.5841340736535894e-003  1.1909535775084263e+000  8.6740529241409663e+034  7.2430869590137550e+014 -4.0094238912221519e-001  4.0396691802056955e-001  3.0228938449977157e-002  1.7353422910277166e-002
 3.2515484577946437e-003  1.2860436210247941e+000  8.6464519306636947e+034  7.2345247872027037e+014 -4.0056798297802493e-001  4.0354380946282176e-001  3.0166263046767970e-002  1.7301064475109328e-002
 4.0846511035605290e-003  1.3880208200983761e+000  8.6145577626682397e+034  7.2246146243308387e+014 -4.0013467735733071e-001  4.0305389488212129e-001  3.0093810037990141e-002  1.7240556625417076e-002
 5.1216173477254025e-003  1.4972141766541631e+000  8.5777910091029779e+034  7.2131687734680812e+014 -3.9963428829038711e-001  4.0248780408155055e-001  3.0010249639762919e-002  1.7170797667046711e-002
 6.4081625599562006e-003  1.6139287170098493e+000  8.5355226494077766e+034  7.1999813286656475e+014 -3.9905784484385520e-001  4.0183523349141104e-001  2.9914134443367602e-002  1.7090590919218794e-002
 7.9985228869975736e-003  1.7384353620626101e+000  8.4870789098721171e+034  7.1848288917764250e+014 -3.9839562360091324e-001  4.0108497226102235e-001  2.9803909072093623e-002  1.6998653703990448e-002
 9.9563628552239367e-003  1.8709596891403752e+000  8.4317494573555404e+034  7.1674721765738587e+014 -3.9763722283744923e-001  4.0022497049218819e-001  2.9677927177395914e-002  1.6893632639820889e-002
 1.2355517241875454e-002  2.0116698989949304e+000  8.3687994810828757e+034  7.1476586743689837e+014 -3.9677168420685976e-001  3.9924245827666871e-001  2.9534477022605855e-002  1.6774126285724136e-002
 1.5280452597258279e-002  2.1606644654441709e+000  8.2974860553063186e+034  7.1251265228840150e+014 -3.9578766832099910e-001  3.9812412281890264e-001  2.9371816598613772e-002  1.6638715899841436e-002
 1.8826317097980067e-002  2.3179601135313401e+000  8.2170789048929306e+034  7.0996096576573187e+014 -3.9467368787282092e-001  3.9685634809609166e-001  2.9188218633286245e-002  1.6486004567301427e-002
 2.3098441439977125e-002  2.4834809206348818e+000  8.1268853076280769e+034  7.0708442306505362e+014 -3.9341839776877835e-001  3.9542551714811314e-001  2.8982025022241568e-002  1.6314664224166320e-002
 2.8211164027123356e-002  2.6570494331658030e+000  8.0262783790094808e+034  7.0385761568739862e+014 -3.9201093624718814e-001  3.9381837130222735e-001  2.8751709150197851e-002  1.6123489185870001e-002
 3.4285885591468765e-002  2.8383807070226483e+000  7.9147274442417292e+034  7.0025695070244562e+014 -3.9044130459630838e-001  3.9202241387804204e-001  2.8495943387387934e-002  1.5911453766352092e-002
 4.1448313668266554e-002  3.0270800862771248e+000  7.7918286841432758e+034  6.9626153204328900e+014 -3.8870076664303171e-001  3.9002633901264366e-001  2.8213667896961267e-002  1.5677770590183358e-002
 4.9824933650850410e-002  3.2226453197049292e+000  7.6573338435457778e+034  6.9185402923809562e+014 -3.8678224372166686e-001  3.8782046025969819e-001  2.7904155882572834e-002  1.5421945389024715e-002
 5.9538832620636077e-002  3.4244732890282710e+000  7.5111746111176223e+034  6.8702147215814900e+014 -3.8468067749656837e-001  3.8539710905445435e-001  2.7567068419987899e-002  1.5143823019911139e-002
 7.0705091912586296e-002  3.6318712216059246e+000  7.3534803931086016e+034  6.8175590937377212e+014 -3.8239333275280585e-001  3.8275097483338905e-001  2.7202496465652891e-002  1.4843621593113192e-002
 8.3426038716465700e-002  3.8440718405195158e+000  7.1845876359321238e+034  6.7605487601769575e+014 -3.7992001555426580e-001  3.7987936072245709e-001  2.6810986386775242e-002  1.4521951386219551e-002
 9.7786691002796453e-002  4.0602515330048785e+000  7.0050395646728784e+034  6.6992163296661237e+014 -3.7726318879060933e-001  3.7678233397386485e-001  2.6393544079019681e-002  1.4179815297676720e-002
 1.1385073349344320e-001  4.2795503547776246e+000  6.8155760959721741e+034  6.6336515874927062e+014 -3.7442797618806578e-001  3.7346276061439593e-001  2.5951617312104665e-002  1.3818590481176170e-002
 1.3165732277634742e-001  4.5010925731820253e+000  6.6171146133482082e+034  6.5639989446416025e+014 -3.7142205592837235e-001  3.6992621692248318e-001  2.5487052512290942e-002  1.3439990036330502e-002
 1.5121894321140783e-001  4.7240064956293848e+000  6.4107231120866769e+034  6.4904527721158950e+014 -3.6825545453025127e-001  3.6618080416614041e-001  2.5002040147730432e-002  1.3046012871278186e-002
 1.7252043519149809e-001  4.9474425099725963e+000  6.1975878092688498e+034  6.4132510275222950e+014 -3.6494025923571677e-001  3.6223688176953694e-001  2.4499050775314841e-002  1.2638884430099912e-002
 1.9551920975796203e-001  5.1705885399342479e+000  5.9789776112287071e+034  6.3326676225984887e+014 -3.6149027189920485e-001  3.5810672859624876e-001  2.3980756462350476e-002  1.2220987774047638e-002
 2.2014656490789228e-001  5.3926824368448072e+000  5.7562078278768423e+034  6.2490041000320075e+014 -3.5792062906154321e-001  3.5380415927187975e-001  2.3449943571181815e-002  1.1794790120300477e-002
 2.4630994163191489e-001  5.6130211366318656e+000  5.5306052667116780e+034  6.1625812918641400e+014 -3.5424741183749620e-001  3.4934414734668501e-001  2.2909446394067126e-002  1.1362781302312767e-002
 2.7389590783830708e-001  5.8309666735959809e+000  5.3034764131336620e+034  6.0737312812794087e+014 -3.5048726609753189e-001  3.4474244529505532e-001  2.2362075495055870e-002  1.0927411678381457e-002
 3.0277363685191905e-001  6.0459493389096730e+000  5.0760798960596831e+034  5.9827900314319037e+014 -3.4665704902750516e-001  3.4001522106889498e-001  2.1810546754277450e-002  1.0491033947998597e-002
 3.3279865078167736e-001  6.2574683953846080e+000  4.8496039263027254e+034  5.8900908440847525e+014 -3.4277351332211209e-001  3.3517874994705288e-001  2.1257443234965853e-002  1.0055867541450193e-002
 3.6381662142597998e-001  6.4650908185271048e+000  4.6251489394388353e+034  5.7959586394393662e+014 -3.3885303562720415e-001  3.3024910976556787e-001  2.0705165849274228e-002  9.6239591849031428e-003
 3.9566705588718881e-001  6.6684485379899616e+000  4.4037153070092223e+034  5.7007054842793237e+014 -3.3491139185867880e-001  3.2524194738537043e-001  2.0155904528660163e-002  9.1971600472542606e-003
 4.2818673499468968e-001  6.8672346095435302e+000  4.1861957072715977e+034  5.6046274217070919e+014 -3.3096357907676027e-001  3.2017232330723899e-001  1.9611628787633097e-002  8.7771168453050045e-003
 4.6121281144714166e-001  7.0611986979572281e+000  3.9733715861800920e+034  5.5080020933020550e+014 -3.2702368122792969e-001  3.1505456402347509e-001  1.9074066659548104e-002  8.3652574040645918e-003
 4.9458551075717805e-001  7.2501421883742578e+000  3.7659130578984811e+034  5.4110870435055275e+014 -3.2310477456113118e-001  3.0990216944398746e-001  1.8544716228318447e-002  7.9628009654926675e-003
 5.2815040910579292e-001  7.4339131780936398e+000  3.5643815762853692e+034  5.3141185966915350e+014 -3.1921886771914565e-001  3.0472770952802192e-001  1.8024838942947874e-002  7.5707536169202115e-003
 5.6176028748459650e-001  7.6124015334943964e+000  3.3692347348457854e+034  5.2173116774912881e+014 -3.1537687134691988e-001  2.9954280964275620e-001  1.7515478085336381e-002  7.1899274001251071e-003
 5.9527658002087014e-001  7.7855341383642997e+000  3.1808326106080930e+034  5.1208600727781200e+014 -3.1158859225540936e-001  2.9435813148627921e-001  1.7017467560400276e-002  6.8209475047364731e-003
 6.2857044600716883e-001  7.9532704234873046e+000  2.9994451475325084e+034  5.0249369812333819e+014 -3.0786274735313068e-001  2.8918338573146674e-001  1.6531450432914364e-002  6.4642720275011889e-003
 6.6152350310114771e-001  8.1155982313443680e+000  2.8252601551130536e+034  4.9296956324007687e+014 -3.0420699304476795e-001  2.8402733626798954e-001  1.6057896301117751e-002  6.1202051915685302e-003
 6.9402826310160382e-001  8.2725300436114644e+000  2.6583915774181502e+034  4.8352703144098712e+014 -3.0062796631436245e-001  2.7889783369099724e-001  1.5597118810912941e-002  5.7889157576095172e-003
 7.2598831357602611e-001  8.4240995671782244e+000  2.4988877575172418e+034  4.7417777966977875e+014 -2.9713133452445517e-001  2.7380186954954927e-001  1.5149294580928752e-002  5.4704536765981049e-003
 7.5731828631874676e-001  8.5703586711471917e+000  2.3467394925399029e+034  4.6493185624606762e+014 -2.9372185124625849e-001  2.6874562118346773e-001  1.4714479355322082e-002  5.1647662199209949e-003
 7.8794365085770190e-001  8.7113746638295186e+000  2.2018877317486547e+034  4.5579777386520044e+014 -2.9040341577863937e-001  2.6373449770040824e-001  1.4292627590763064e-002  4.8717132609798043e-003
 8.1780036837902725e-001  8.8472278896908652e+000  2.0642308147143541e+034  4.4678263179985550e+014 -2.8717913451024024e-001  2.5877318818283052e-001  1.3883606905665636e-002  4.5910813406552170e-003
 8.4683443853692453e-001  8.9780096077344318e+000  1.9336311808665363e+034  4.3789226953427481e+014 -2.8405138300107541e-001  2.5386571309023342e-001  1.3487212654319080e-002  4.3225967891162278e-003
 8.7500136638860004e-001  9.1038201260103868e+000  1.8099215164030388e+034  4.2913138596600644e+014 -2.8102186763508374e-001  2.4901547434035978e-001  1.3103180108482621e-002  4.0659384373240310e-003
 9.0226557278892616e-001  9.2247671711404209e+000  1.6929103280156019e+034  4.2050362682338400e+014 -2.7809168586062760e-001  2.4422530617100810e-001  1.2731198098067881e-002  3.8207463097439760e-003
 9.2859976834960090e-001  9.3409644691933948e+000  1.5823869489032594e+034  4.1201169355651919e+014 -2.7526138433606617e-001  2.3949752653555695e-001  1.2370918669900113e-002  3.5866341840850380e-003
 9.5398430823474079e-001  9.4525305047012793e+000  1.4781259932702180e+034  4.0365745992032387e+014 -2.7253101473927899e-001  2.3483398762146585e-001  1.2021966688376306e-002  3.3631927876342032e-003
 9.7840654122488280e-001  9.5595874389706221e+000  1.3798912871238418e+034  3.9544206443378562e+014 -2.6990018684174633e-001  2.3023612346239053e-001  1.1683946883522376e-002  3.1500039534742559e-003
 1.0018601639693223e+000  9.6622601711185112e+000  1.2874393085660453e+034  3.8736596977696075e+014 -2.6736811855651832e-001  2.2570496874905760e-001  1.1356451985216126e-002  2.9466382653834853e-003
 1.0243445892531857e+000  9.7606755248624637e+000  1.2005221735639595e+034  3.7942905560841925e+014 -2.6493368282106611e-001  2.2124121411239150e-001  1.1039067153657663e-002  2.7526711259544413e-003
 1.0458643354333468e+000  9.8549615365940486e+000  1.1188902036275771e+034  3.7163070474562187e+014 -2.6259545147763375e-001  2.1684524723281023e-001  1.0731376640192473e-002  2.5676676813853111e-003
 1.0664284418541568e+000  9.9452468355007131e+000  1.0422941141245833e+034  3.6396986733094600e+014 -2.6035173604122619e-001  2.1251719083764367e-001  1.0432965966992214e-002  2.3912111841365982e-003
 1.0860499138177633e+000  1.0031660107666953e+001  9.7048686072495027e+033  3.5644509249544444e+014 -2.5820062530280413e-001  2.0825689831884664e-001  1.0143427919655000e-002  2.2228982826783673e-003
 1.1047451997958724e+000  1.0114329631470719e+001  9.0322517921552784e+033  3.4905460205695294e+014 -2.5614001990213175e-001  2.0406401375981692e-001  9.8623622191276704e-003  2.0623367972212648e-003
 1.1225337025295075e+000  1.0193382872231705e+001  8.4027085208176275e+033  3.4179632938172719e+014 -2.5416766404518132e-001  1.9993799496755771e-001  9.5893791831406418e-003  1.9090793968848060e-003
 1.1394373247251501e+000  1.0268946129486469e+001  7.8139173355237394e+033  3.3466797787084000e+014 -2.5228117445646858e-001  1.9587814228752132e-001  9.3241003230021199e-003  1.7627784954919771e-003
 1.1554800494514099e+000  1.0341144230896361e+001  7.2636256230042768e+033  3.2766704886484412e+014 -2.5047806667951167e-001  1.9188359746478784e-001  9.0661626504627973e-003  1.6232499436131828e-003
 1.1706875549041729e+000  1.0410100265897592e+001  6.7496558843461793e+033  3.2079088859548937e+014 -2.4875577889384920e-001  1.8795338724291147e-001  8.8152164412524780e-003  1.4900041554722001e-003
 1.1850868627138444e+000  1.0475935356148410e+001  6.2699103924021972e+033  3.1403671208395950e+014 -2.4711169334293273e-001  1.8408643451760251e-001  8.5709269162836266e-003  1.3621437301437555e-003
 1.1987060188037890e+000  1.0538768455494669e+001  5.8223744545487755e+033  3.0740164707610400e+014 -2.4554315559567036e-001  1.8028157937590675e-001  8.3329744052941211e-003  1.2401891176999878e-003
 1.2115738054247296e+000  1.0598716177891426e+001  5.4051184801685617e+033  3.0088275835961637e+014 -2.4404749173559312e-001  1.7653759154110993e-001  8.1010551841029805e-003  1.1254464721734980e-003
 1.2146767724400527e+000  1.0613265699087183e+001  5.3053178039089452e+033  2.9927083928785931e+014 -2.4368464836448289e-001  1.7561095614231767e-001  8.0439839862954630e-003  1.0975334895806732e-003
 1.2165170802938714e+000  1.0621913012269859e+001  5.2462786460578980e+033  2.9830706373681494e+014 -2.4346903080008542e-001  1.7505675406018639e-001  8.0099117985367521e-003  1.0808284215613640e-003
 1.2183414055724762e+000  1.0630498988064227e+001  5.1878631051714254e+033  2.9734580763979619e+014 -2.4325496855197393e-001  1.7450388094080446e-001  7.9759663741563128e-003  1.0641276318439849e-003
 1.2201498479379389e+000  1.0639024003118463e+001  5.1300652439914661e+033  2.9638706080577444e+014 -2.4304245260603044e-001  1.7395233235736138e-001  7.9421467920183040e-003  1.0474102715466148e-003
 1.2219425071174215e+000  1.0647488432728418e+001  5.0728791689156104e+033  2.9543081305171644e+014 -2.4283147395629157e-001  1.7340210388005212e-001  7.9084521373201308e-003  1.0306570951811016e-003
 1.2237194828879858e+000  1.0655892650829495e+001  5.0162990299483585e+033  2.9447705420386819e+014 -2.4262202360583601e-001  1.7285319107678396e-001  7.8748815016203497e-003  1.0138504676491288e-003
 1.2254808750616915e+000  1.0664237029988870e+001  4.9603190206452225e+033  2.9352577409901469e+014 -2.4241409256765425e-001  1.7230558951387129e-001  7.8414339828652702e-003  9.9697437376008633e-004
 1.2272267834709765e+000  1.0672521941397893e+001  4.9049333780498747e+033  2.9257696258656356e+014 -2.4220767186550049e-001  1.7175929475457224e-001  7.8081086857813313e-003  9.8001655150769845e-004
 1.2289573079543239e+000  1.0680747754864422e+001  4.8501363826244199e+033  2.9163060954947844e+014 -2.4200275253473194e-001  1.7121430231000759e-001  7.7749047304020808e-003  9.6301688050473338e-004
 1.2306725483422147e+000  1.0688914838805031e+001  4.7959223581729399e+033  2.9068670490582375e+014 -2.4179932562314257e-001  1.7067060763888017e-001  7.7418212522025352e-003  9.4606459891884739e-004
 1.2323726044433465e+000  1.0697023560237863e+001  4.7422856717588270e+033  2.8974523858953962e+014 -2.4159738219176727e-001  1.7012820619952465e-001  7.7088573933027519e-003  9.2924580983085113e-004
 1.2340575760311214e+000  1.0705074284775819e+001  4.6892207336160750e+033  2.8880620055060494e+014 -2.4139691331566446e-001  1.6958709345300307e-001  7.6760123020678406e-003  9.1264105811825333e-004
 1.2357275628304021e+000  1.0713067376620089e+001  4.6367219970545531e+033  2.8786958075615419e+014 -2.4119791008468050e-001  1.6904726486372623e-001  7.6432851331283006e-003  8.9632545140192583e-004
 1.2373826645045354e+000  1.0721003198553795e+001  4.5847839583594449e+033  2.8693536919157156e+014 -2.4100036360419883e-001  1.6850871590006325e-001  7.6106750473994723e-003  8.8036884740320389e-004
 1.2390229806426407e+000  1.0728882111935885e+001  4.5334011566850420e+033  2.8600355586156194e+014 -2.4080426499587185e-001  1.6797144203494033e-001  7.5781812120998037e-003  8.6483610015187498e-004
 1.2406486107471577e+000  1.0736704476695198e+001  4.4825681739430428e+033  2.8507413079120225e+014 -2.4060960539833720e-001  1.6743543874642666e-001  7.5458028007681036e-003  8.4978735794061992e-004
 1.2422596542216540e+000  1.0744470651324738e+001  4.4322796346855546e+033  2.8414708402696894e+014 -2.4041637596791784e-001  1.6690070151831030e-001  7.5135389932797572e-003  8.3527840650194024e-004
 1.2438562103588864e+000  1.0752180992876081e+001  4.3825302059829238e+033  2.8322240563774644e+014 -2.4022456787930657e-001  1.6636722584066196e-001  7.4813889758619904e-003  8.2136105156796848e-004
 1.2454383783291167e+000  1.0759835856954075e+001  4.3333145972965971e+033  2.8230008571581306e+014 -2.4003417232623489e-001  1.6583500721038835e-001  7.4493519411080802e-003  8.0808353574298418e-004
 1.2470062571686744e+000  1.0767435597711673e+001  4.2846275603471535e+033  2.8138011437697153e+014 -2.3984518052212639e-001  1.6530404113084354e-001  7.4174270882845098e-003  7.9548659700269726e-004
 1.2485599457687637e+000  1.0774980567845176e+001  4.2364638889777485e+033  2.8046248173401822e+014 -2.3965758370072868e-001  1.6477432308177753e-001  7.3856136329868384e-003  7.8346171062995695e-004
 1.2500995428645036e+000  1.0782471118590431e+001  4.1888184190133130e+033  2.7954717789179516e+014 -2.3947137311671288e-001  1.6424584851330554e-001  7.3539108091625434e-003  7.7172973212897178e-004
 1.2516251470242179e+000  1.0789907599718582e+001  4.1416860281151535e+033  2.7863419298084984e+014 -2.3928654004627392e-001  1.6371861288286624e-001  7.3223178575876615e-003  7.6001646544597448e-004
 1.2531368566389716e+000  1.0797290359531544e+001  4.0950616356311370e+033  2.7772351716043416e+014 -2.3910307578772549e-001  1.6319261165807275e-001  7.2908340251348052e-003  7.4806339866107159e-004
 1.2546347699123408e+000  1.0804619744857751e+001  4.0489402024418108e+033  2.7681514061937222e+014 -2.3892097166208109e-001  1.6266784031720311e-001  7.2594585647831524e-003  7.3562813768299066e-004
 1.2561189848504171e+000  1.0811896101047983e+001  4.0033167308025700e+033  2.7590905357690984e+014 -2.3874021901362080e-001  1.6214429434968083e-001  7.2281907356274832e-003  7.2248566368999774e-004
 1.2575895992520394e+000  1.0819119771971433e+001  3.9581862641820378e+033  2.7500524628354500e+014 -2.3856080921044412e-001  1.6162196925654565e-001  7.1970298028864316e-003  7.0843031180154174e-004
 1.2590467106992518e+000  1.0826291100011911e+001  3.9135438870967510e+033  2.7410370902184078e+014 -2.3838273364500906e-001  1.6110086055091463e-001  7.1659750379099423e-003  6.9327835314695382e-004
 1.2604904165479871e+000  1.0833410426064194e+001  3.8693847249423511e+033  2.7320443210722050e+014 -2.3820598373465779e-001  1.6058096375843356e-001  7.1350257181858690e-003  6.7687104191086628e-004
 1.2619208139189702e+000  1.0840478089530619e+001  3.8257039438213259e+033  2.7230740588874456e+014 -2.3803055092212877e-001  1.6006227441771934e-001  7.1041811273458355e-003  6.5907796498470249e-004
 1.2633379996888379e+000  1.0847494428317736e+001  3.7824967503674955e+033  2.7141262074987119e+014 -2.3785642667605569e-001  1.5954478808079242e-001  7.0734405551703171e-003  6.3980050682047615e-004
 1.2647420704814776e+000  1.0854459778833162e+001  3.7397583915673335e+033  2.7052006711441541e+014 -2.3768360249145365e-001  1.5902850031595275e-001  7.0428032979450925e-003  6.1899191425826745e-004
 1.2661331226595924e+000  1.0861374475981247e+001  3.6974841545778391e+033  2.6962973558596741e+014 -2.3751206989022683e-001  1.5851340677337880e-001  7.0122686678153086e-003  5.9708703027353807e-004
 1.2675112523165213e+000  1.0868238853155765e+001  3.6556693665404253e+033  2.6874161696158928e+014 -2.3734182042173937e-001  1.5799950319165171e-001  6.9818359936133362e-003  5.7496444764077337e-004
 1.2688765552682200e+000  1.0875053242235806e+001  3.6143093943930314e+033  2.6785570208048069e+014 -2.3717284566329955e-001  1.5748678532670979e-001  6.9515046105757799e-003  5.5341816831051935e-004
 1.2702291270454202e+000  1.0881817973583313e+001  3.5733996446801764e+033  2.6697198181641462e+014 -2.3700513722059177e-001  1.5697524894836334e-001  6.9212738597891066e-003  5.3313200354905435e-004
 1.2715690628859899e+000  1.0888533376040986e+001  3.5329355633604408e+033  2.6609044707840331e+014 -2.3683868672809563e-001  1.5646488984067544e-001  6.8911430881915675e-003  5.1469070557487841e-004
 1.2728964577274930e+000  1.0895199776930161e+001  3.4929126356114545e+033  2.6521108881134916e+014 -2.3667348584949321e-001  1.5595570380233575e-001  6.8611116485746103e-003  4.9859840038358647e-004
 1.2742114061999470e+000  1.0901817502048939e+001  3.4533263856325241e+033  2.6433389799668019e+014 -2.3650952627806454e-001  1.5544768664702494e-001  6.8311788995835069e-003  4.8530257433153313e-004
 1.2755140026187732e+000  1.0908386875670406e+001  3.4141723764449710e+033  2.6345886565297087e+014 -2.3634679973707176e-001  1.5494083420377172e-001  6.8013442057174283e-003  4.7522256133778823e-004
 1.2768043409779382e+000  1.0914908220541026e+001  3.3754462096903157e+033  2.6258598283654759e+014 -2.3618529798013166e-001  1.5443514231730218e-001  6.7716069373288269e-003  4.6878231506038484e-004
 1.2780825149432848e+000  1.0921381857879137e+001  3.3371435254263758e+033  2.6171524064208084e+014 -2.3602501279157723e-001  1.5393060684838039e-001  6.7419664706221977e-003  4.6644822543088002e-004
 1.2793486178460500e+000  1.0927808107373648e+001  3.2992600019214022e+033  2.6084663020316222e+014 -2.3586593598680797e-001  1.5342722367414233e-001  6.7124221876522488e-003  4.6877390430571909e-004
 1.2806027426765634e+000  1.0934187287182731e+001  3.2617913554463088e+033  2.5998014271035731e+014 -2.3570805941263123e-001  1.5292498869548468e-001  6.6829734775367402e-003  4.7633935865284087e-004
 1.2818449820781594e+000  1.0940519713930110e+001  3.2247333400644420e+033  2.5911576964124362e+014 -2.3555137494765613e-001  1.5242389793006200e-001  6.6536197523765018e-003  4.8823576586434585e-004
 1.2830754283413086e+000  1.0946805702698136e+001  3.1880817474185983e+033  2.5825350269398219e+014 -2.3539587450276100e-001  1.5192394748556912e-001  6.6243604425182461e-003  5.0228913350068474e-004
 1.2842941733978603e+000  1.0953045567025654e+001  3.1518324065178784e+033  2.5739333360719212e+014 -2.3524155002143332e-001  1.5142513348709777e-001  6.5951949839713154e-003  5.1606982638791163e-004
 1.2855013088154361e+000  1.0959239618907509e+001  3.1159811835235391e+033  2.5653525415610206e+014 -2.3508839348006141e-001  1.5092745207567287e-001  6.5661228181012827e-003  5.2687533846029983e-004
 1.2866969257919951e+000  1.0965388168794272e+001  3.0805239815334132e+033  2.5567925615305559e+014 -2.3493639688821588e-001  1.5043089940854501e-001  6.5371433916265728e-003  5.3181561627045691e-004
 1.2878811151505669e+000  1.0971491525592048e+001  3.0454567403649514e+033  2.5482533144800303e+014 -2.3478555228892112e-001  1.4993547165947613e-001  6.5082561566145872e-003  5.2804645800731188e-004
 1.2890539673341506e+000  1.0977549996662407e+001  3.0107754363369817e+033  2.5397347192898106e+014 -2.3463585175891713e-001  1.4944116501901805e-001  6.4794605704772612e-003  5.1314491328946119e-004
 1.2902155724007787e+000  1.0983563887822404e+001  2.9764760820502530e+033  2.5312366952258053e+014 -2.3448728740891217e-001  1.4894797569478502e-001  6.4507560959660938e-003  4.8557781350830521e-004
 1.2913660200187409e+000  1.0989533503344830e+001  2.9425547261668547e+033  2.5227591619440122e+014 -2.3433985138382579e-001  1.4845589991171881e-001  6.4221422011666992e-003  4.4516164178116593e-004
 1.2925053994619666e+000  1.0995459145958430e+001  2.9090074531885711e+033  2.5143020394949569e+014 -2.3419353586302252e-001  1.4796493391234800e-001  6.3936183594927995e-003  3.9336986254414794e-004
 1.2936337996055640e+000  1.1001341116848351e+001  2.8758303832342515e+033  2.5058652483280106e+014 -2.3404833306053699e-001  1.4747507395704060e-001  6.3651840496797372e-003  3.3334079782417446e-004
 1.2947513089215181e+000  1.1007179715656086e+001  2.8430196718161667e+033  2.4974487104346247e+014 -2.3390423522530340e-001  1.4698631638820808e-001  6.3368387607830512e-003  2.7025203454569027e-004
 1.2958580154746238e+000  1.1012975240471548e+001  2.8105715096135975e+033  2.4890523545740841e+014 -2.3376123464157414e-001  1.4649865792377309e-001  6.3085820150654819e-003  2.1244529503680051e-004
 1.2969540069185881e+000  1.1018727987823199e+001  2.7784821222449826e+033  2.4806761120464159e+014 -2.3361932362937987e-001  1.4601209541988111e-001  6.2804133492830438e-003  1.6501298726510024e-004
 1.2980393704921631e+000  1.1024438252678022e+001  2.7467477700420560e+033  2.4723199144578706e+014 -2.3347849454473973e-001  1.4552662574544925e-001  6.2523323048203714e-003  1.2906175804307260e-004
 1.2991141930154033e+000  1.1030106328443022e+001  2.7153647478237530e+033  2.4639836937226084e+014 -2.3333873977982941e-001  1.4504224578226893e-001  6.2243384276746451e-003  1.0359021692267323e-004
 1.3001785608860672e+000  1.1035732506966754e+001  2.6843293846695157e+033  2.4556673820665837e+014 -2.3320005176314165e-001  1.4455895242523248e-001  6.1964312684492096e-003  8.6962572318220917e-005
 1.3012325600761594e+000  1.1041317078541034e+001  2.6536380436920585e+033  2.4473709120313209e+014 -2.3306242295963844e-001  1.4407674258255349e-001  6.1686103823466827e-003  7.7822736393333642e-005
 1.3022762761286126e+000  1.1046860331902694e+001  2.6232871218096495e+033  2.4390942164775941e+014 -2.3292584587089582e-001  1.4359561317598224e-001  6.1408753291616889e-003  7.5670423626470477e-005
 1.3033097941541034e+000  1.1052362554235428e+001  2.5932730495179749e+033  2.4308372285890041e+014 -2.3279031303524075e-001  1.4311556114101542e-001  6.1132256732730752e-003  8.1487928941856489e-005
 1.3043331988280040e+000  1.1057824031171783e+001  2.5635922906616340e+033  2.4225998818754606e+014 -2.3265581702788091e-001  1.4263658342710073e-001  6.0856609836357706e-003  9.9066396484843292e-005
 1.3053465743874642e+000  1.1063245046795197e+001  2.5342413422053342e+033  2.4143821101765694e+014 -2.3252235046102668e-001  1.4215867699783599e-001  6.0581808337721700e-003  1.3859908530286432e-004
 1.3063500046286245e+000  1.1068625883642161e+001  2.5052167340048255e+033  2.4061838477263187e+014 -2.3238990598400680e-001  1.4168183883461863e-001  6.0307848020118831e-003  2.2739417573352551e-004
 1.3073435729039853e+000  1.1073966822700875e+001  2.4765150285769590e+033  2.3980050341403966e+014 -2.3225847628346427e-001  1.4120606621730780e-001  6.0034724916493525e-003  4.3191987925490430e-004
 1.3083273621200360e+000  1.1079268143395922e+001  2.4481328208665113e+033  2.3898456180218578e+014 -2.3212805408389026e-001  1.4073135692720221e-001  5.9762435453800666e-003  8.8752061499346949e-004
 1.3093014547349122e+000  1.1084530123582011e+001  2.4200667380148206e+033  2.3817055490174153e+014 -2.3199863214793182e-001  1.4025770880008923e-001  5.9490976130076373e-003  1.8332311821690295e-003
 1.3102659327560751e+000  1.1089753039546911e+001  2.3923134391306763e+033  2.3735847769465969e+014 -2.3187020327646707e-001  1.3978511967724974e-001  5.9220343478921687e-003  3.5364608013078490e-003
 1.3112208777381036e+000  1.1094937166014748e+001  2.3648696150612806e+033  2.3654832518050034e+014 -2.3174276030866670e-001  1.3931358740564678e-001  5.8950534069437078e-003  5.9186210733222396e-003
 1.3121663707806073e+000  1.1100082776149454e+001  2.3377319881632277e+033  2.3574009237674787e+014 -2.3161629612204884e-001  1.3884310983810982e-001  5.8681544506151611e-003  7.9817527873288531e-003
 1.3131024925262542e+000  1.1105190141558223e+001  2.3108973120735463e+033  2.3493377431912016e+014 -2.3149080363252797e-001  1.3837368483351503e-001  5.8413371428950190e-003  8.0550367611710947e-003
 1.3140293231589124e+000  1.1110259532295087e+001  2.2843623714808481e+033  2.3412936606187022e+014 -2.3136627579445804e-001  1.3790531025696129e-001  5.8146011512995267e-003  5.6485115499386425e-003
 1.3149469424019027e+000  1.1115291216864563e+001  2.2581239818966334e+033  2.3332686267807956e+014 -2.3124270560066967e-001  1.3743798397994159e-001  5.7879461468646493e-003  2.5553152306971661e-003
 1.3158554295163631e+000  1.1120285462225304e+001  2.2321789894267867e+033  2.3252625925994416e+014 -2.3112008608250165e-001  1.3697170388051105e-001  5.7613718041376006e-003  6.9228893629960674e-004
 1.3167548632997175e+000  1.1125242533793930e+001  2.2065242705433040e+033  2.3172755091905284e+014 -2.3099841030982698e-001  1.3650646784345002e-001  5.7348778011680418e-003  1.0425423502555209e-004
 1.3176453220842601e+000  1.1130162695447904e+001  2.1811567318561675e+033  2.3093073300558603e+014 -2.3087767139109616e-001  1.3604227388828113e-001  5.7084638277347813e-003  8.2520216843030686e-006
 1.3185268837359692e+000  1.1135046209512446e+001  2.1560733098826381e+033  2.3013580234129222e+014 -2.3075786247376895e-001  1.3557912088940108e-001  5.6821296316074462e-003  3.6769579495904033e-007
 1.3193996256534855e+000  1.1139893336740666e+001  2.1312709708153537e+033  2.2934275634051700e+014 -2.3063897674490777e-001  1.3511700806286975e-001  5.6558749852176722e-003  1.0396320352257390e-008
 1.3202636247669819e+000  1.1144704336315179e+001  2.1067467102952584e+033  2.2855159241240878e+014 -2.3052100743123929e-001  1.3465593461731182e-001  5.6296996631022183e-003  2.1032748270163677e-010
 1.3211189575370992e+000  1.1149479465853313e+001  2.0824975531857846e+033  2.2776230795945381e+014 -2.3040394779912474e-001  1.3419589975305724e-001  5.6036034418321572e-003  3.4339578999586891e-012
 1.3219656999539786e+000  1.1154218981412399e+001  2.0585205533474484e+033  2.2697490037778856e+014 -2.3028779115452458e-001  1.3373690266232072e-001  5.5775861000089523e-003  5.1041918038620968e-014
 1.3228039275363899e+000  1.1158923137495103e+001  2.0348127934129026e+033  2.2618936705750681e+014 -2.3017253084295983e-001  1.3327894252937780e-001  5.5516474182602657e-003  7.7935392934042858e-016
 1.3236337153309536e+000  1.1163592187054778e+001  2.0113713845624866e+033  2.2540570538296100e+014 -2.3005816024946810e-001  1.3282201853073891e-001  5.5257871792354770e-003  1.3795956846371442e-017
 1.3244551379114573e+000  1.1168226381500904e+001  1.9881934663002903e+033  2.2462391273305809e+014 -2.2994467279855640e-001  1.3236612983531948e-001  5.5000051676008677e-003  3.1959630211095113e-019
 1.3252682693782596e+000  1.1172825970704462e+001  1.9652762062307765e+033  2.2384398648154944e+014 -2.2983206195414921e-001  1.3191127560460822e-001  5.4743011700346114e-003  1.0939479348276979e-020
 1.3260731833577826e+000  1.1177391203003545e+001  1.9426167998359840e+033  2.2306592399731566e+014 -2.2972032121953245e-001  1.3145745499283187e-001  5.4486749752213947e-003  6.2479320287630012e-022
 1.3268699530020940e+000  1.1181922325208655e+001  1.9202124702533292e+033  2.2228972271472772e+014 -2.2960944413729864e-001  1.3100466718659726e-001  5.4231263764284356e-003  6.6952686407669882e-023
 1.3276586509886568e+000  1.1186419582595859e+001  1.8980604680522154e+033  2.2151538158565097e+014 -2.2949942428958611e-001  1.3055291222290208e-001  5.3976552248956710e-003  1.3735551945365147e-023
 1.3284393495203388e+000  1.1190883218876573e+001  1.8761580710072344e+033  2.2074290101084669e+014 -2.2939025529888887e-001  1.3010219095063841e-001  5.3722614269577770e-003  5.0084572442994617e-024
 1.3292121203252918e+000  1.1195313476192872e+001  1.8545025838764897e+033  2.1997228140963925e+014 -2.2928193082823445e-001  1.2965250422489066e-001  5.3469448912039728e-003  3.0014450505293655e-024
 1.3299770346568085e+000  1.1199710595124618e+001  1.8330913381829273e+033  2.1920352315913112e+014 -2.2917444458107289e-001  1.2920385287269204e-001  5.3217055262255791e-003  2.7331079486196113e-024
 1.3307341632932594e+000  1.1204074814696622e+001  1.8119216919964135e+033  2.1843662659458278e+014 -2.2906779030115912e-001  1.2875623769323780e-001  5.2965432406194392e-003  3.4958904453300403e-024
 1.3314835765381052e+000  1.1208406372385980e+001  1.7909910297165372e+033  2.1767159200979006e+014 -2.2896196177243253e-001  1.2830965945809683e-001  5.2714579429911021e-003  5.8056675384783029e-024
 1.3322253442199892e+000  1.1212705504129259e+001  1.7702967618561745e+033  2.1690841965745862e+014 -2.2885695281889423e-001  1.2786411891142205e-001  5.2464495419578365e-003  1.1569196914764665e-023
 1.3329595356929029e+000  1.1216972444329807e+001  1.7498363248258282e+033  2.1614710974957528e+014 -2.2875275730448144e-001  1.2741961677015964e-001  5.2215179461514716e-003  2.5563466879348559e-023
 1.3336862198364254e+000  1.1221207425865050e+001  1.7296071807187696e+033  2.1538766245777619e+014 -2.2864936913293904e-001  1.2697615372425719e-001  5.1966630642210649e-003  5.7870422773393311e-023
 1.3344054650560351e+000  1.1225410680093738e+001  1.7096068170970073e+033  2.1463007791371281e+014 -2.2854678224768926e-001  1.2653373043686988e-001  5.1718848048353449e-003  1.2399825458914261e-022
 1.3351173392834883e+000  1.1229582436863303e+001  1.6898327467780958e+033  2.1387435623284591e+014 -2.2844499063169965e-001  1.2609234755846996e-001  5.1471830775398136e-003  2.3243540729635081e-022
 1.3358219099773276e+000  1.1233722924507576e+001  1.6702825076216195e+033  2.1312049895223075e+014 -2.2834398830757874e-001  1.2565200658001321e-001  5.1225578451223139e-003  3.6553989951066591e-022
 1.3365192441236711e+000  1.1237832369811489e+001  1.6509536623116651e+033  2.1236850984362462e+014 -2.2824376933847931e-001  1.2521271031558215e-001  5.0980091528511134e-003  4.9022742592095372e-022
 1.3372094082368990e+000  1.1241910997998984e+001  1.6318437981435842e+033  2.1161839279288106e+014 -2.2814432782842858e-001  1.2477446164415701e-001  5.0735370508741091e-003  5.7280754260903564e-022
 1.3378924683602473e+000  1.1245959032741618e+001  1.6129505268151473e+033  2.1087015159721653e+014 -2.2804565792215220e-001  1.2433726338930476e-001  5.0491415868104197e-003  5.9580002424879985e-022
 1.3385684900664563e+000  1.1249976696167773e+001  1.5942714842187262e+033  2.1012378996575184e+014 -2.2794775380488158e-001  1.2390111831948301e-001  5.0248228057665290e-003  5.6366297690679392e-022
 1.3392375384584887e+000  1.1253964208871864e+001  1.5758043302343900e+033  2.0937931152005400e+014 -2.2785060970215959e-001  1.2346602914834406e-001  5.0005807503522900e-003  4.9559424259205479e-022
 1.3398996781703023e+000  1.1257921789923508e+001  1.5575467485239345e+033  2.0863671979467887e+014 -2.2775421987964564e-001  1.2303199853504102e-001  4.9764154606969802e-003  4.1380441080046249e-022
 1.3405549733676885e+000  1.1261849656876679e+001  1.5394964463258583e+033  2.0789601823771456e+014 -2.2765857864291930e-001  1.2259902908453403e-001  4.9523269744652758e-003  3.3528499949754842e-022
 1.3412034877491659e+000  1.1265748025778839e+001  1.5216511542513096e+033  2.0715721021132497e+014 -2.2756368033728314e-001  1.2216712334789771e-001  4.9283153268732558e-003  2.6939205403082037e-022
 1.3418452845469320e+000  1.1269617111180040e+001  1.5040086260810108e+033  2.0642029899229431e+014 -2.2746951934756462e-001  1.2173628382262984e-001  4.9043805507042954e-003  2.1934205288711146e-022
 1.3424804265278709e+000  1.1273457126141999e+001  1.4865666385631797e+033  2.0568528778771794e+014 -2.2737609009791734e-001  1.2130651296174626e-001  4.8805226768791118e-003  1.8493217888465732e-022
 1.3431089759946584e+000  1.1277268282238493e+001  1.4693229912115203e+033  2.0495218118133453e+014 -2.2728338705183096e-001  1.2087781401280365e-001  4.8567417872882861e-003  1.6348991046528065e-022
 1.3437309947871281e+000  1.1281050789519982e+001  1.4522755060996505e+033  2.0422098630497544e+014 -2.2719140471301030e-001  1.2045019169760757e-001  4.8330380571787518e-003  1.5093093031935836e-022
 1.3443465442835529e+000  1.1284804856499663e+001  1.4354220276592582e+033  2.0349171043390487e+014 -2.2710013762572936e-001  1.2002365081738799e-001  4.8094116668941271e-003  1.4465269849684484e-022
 1.3449556854018088e+000  1.1288530690163551e+001  1.4187604224828195e+033  2.0276436070366075e+014 -2.2700958037459745e-001  1.1959819608853227e-001  4.7858627915075870e-003  1.4308180767680837e-022
 1.3455584786005861e+000  1.1292228495981496e+001  1.4022885791275059e+033  2.0203894411085684e+014 -2.2691972758430418e-001  1.1917383214303638e-001  4.7623916008561421e-003  1.4521013696094712e-022
 1.3461549838806495e+000  1.1295898477918096e+001  1.3860044079201211e+033  2.0131546751398978e+014 -2.2683057391936412e-001  1.1875056352896009e-001  4.7389982595750736e-003  1.5031615068573260e-022
 1.3467452607861452e+000  1.1299540838443539e+001  1.3699058407630849e+033  2.0059393763425106e+014 -2.2674211408386180e-001  1.1832839471088559e-001  4.7156829271325588e-003  1.5777880251208581e-022
 1.3473293684059564e+000  1.1303155778544449e+001  1.3539908309414728e+033  1.9987436105634400e+014 -2.2665434282119742e-001  1.1790733007037922e-001  4.6924457578644318e-003  1.6694009732875167e-022
 1.3479073653751028e+000  1.1306743497734601e+001  1.3382573529311254e+033  1.9915674422930497e+014 -2.2656725491383248e-001  1.1748737390645748e-001  4.6692869010091396e-003  1.7699989132275238e-022
 1.3484793098761849e+000  1.1310304194065644e+001  1.3227034022078369e+033  1.9844109346732922e+014 -2.2648084518303599e-001  1.1706853043605513e-001  4.6462065007428161e-003  1.8694492481026355e-022
 1.3490452596408702e+000  1.1313838064137666e+001  1.3073269950576300e+033  1.9772741497230162e+014 -2.2639510848863198e-001  1.1665080380714070e-001  4.6232046970660391e-003  1.9553669459320717e-022
 1.3496052719514571e+000  1.1317345303102162e+001  1.2921261683873882e+033  1.9701571607859512e+014 -2.2631003972893199e-001  1.1623419882396019e-001  4.6002816745799452e-003  2.0191987264562734e-022
 1.3501594036426130e+000  1.1320826104638895e+001  1.2770989795336511e+033  1.9630600590890494e+014 -2.2622563384129768e-001  1.1581872132924681e-001  4.5774376878152875e-003  2.0611082325459556e-022
 1.3507077111030426e+000  1.1324280660951397e+001  1.2622435060746187e+033  1.9559829357578634e+014 -2.2614188580224895e-001  1.1540437715647299e-001  4.5546729904364074e-003  2.0829946603435958e-022
 1.3512502502771007e+000  1.1327709162778486e+001  1.2475578456453423e+033  1.9489258801648531e+014 -2.2605879062718451e-001  1.1499117203360745e-001  4.5319878287619934e-003  2.0875491814755831e-022
 1.3517870766664379e+000  1.1331111799406093e+001  1.2330401157540959e+033  1.9418889799402322e+014 -2.2597634337009215e-001  1.1457911158373139e-001  4.5093824418184934e-003  2.0779875119517492e-022
 1.3523182453316827e+000  1.1334488758679029e+001  1.2186884535998564e+033  1.9348723209828919e+014 -2.2589453912325996e-001  1.1416820132565991e-001  4.4868570613938131e-003  2.0578046085371588e-022
 1.3528438108941596e+000  1.1337840227012686e+001  1.2045010158909073e+033  1.9278759874714009e+014 -2.2581337301698923e-001  1.1375844667456907e-001  4.4644119120913466e-003  2.0305725401741234e-022
 1.3533638275376429e+000  1.1341166389404671e+001  1.1904759786645650e+033  1.9209000618750766e+014 -2.2573284021930851e-001  1.1334985294262707e-001  4.4420472113842948e-003  1.9997932010874912e-022
 1.3538783490101418e+000  1.1344467429446301e+001  1.1766115371080418e+033  1.9139446249651278e+014 -2.2565293593568908e-001  1.1294242533963125e-001  4.4197631696702563e-003  1.9688097136855593e-022
 1.3543874286257183e+000  1.1347743529334089e+001  1.1629059053804462e+033  1.9070097558258656e+014 -2.2557365540876154e-001  1.1253616897364908e-001  4.3975599903260821e-003  1.9407749382488456e-022
 1.3548911192663349e+000  1.1350994869881101e+001  1.1493573164359303e+033  1.9000955317504981e+014 -2.2549499391803349e-001  1.1213108884598294e-001  4.3754378699266665e-003  1.9185918490648400e-022
 1.3553894733837260e+000  1.1354221630530084e+001  1.1359640218481476e+033  1.8932020256936731e+014 -2.2541694677956492e-001  1.1172718972593916e-001  4.3533970019209193e-003  1.9031995130276816e-022
 1.3558825430012784e+000  1.1357423989370146e+001  1.1227242916362351e+033  1.8863293063119012e+014 -2.2533950934555722e-001  1.1132447615289613e-001  4.3314375766206961e-003  1.8936974293697450e-022
 1.3563703797159610e+000  1.1360602123149439e+001  1.1096364140915648e+033  1.8794774405762712e+014 -2.2526267700403682e-001  1.1092295256492335e-001  4.3095597775593469e-003  1.8891768827584177e-022
 1.3568530347002894e+000  1.1363756207286018e+001  1.0966986956054491e+033  1.8726464939026128e+014 -2.2518644517858472e-001  1.1052262330528145e-001  4.2877637813797170e-003  1.8887801407445917e-022
 1.3573305587043158e+000  1.1366886415878557e+001  1.0839094604980114e+033  1.8658365301626047e+014 -2.2511080932806798e-001  1.1012349262306652e-001  4.2660497578914484e-003  1.8916801966128022e-022
 1.3578030020576421e+000  1.1369992921716959e+001  1.0712670508482330e+033  1.8590476116949262e+014 -2.2503576494637259e-001  1.0972556467385768e-001  4.2444178701284826e-003  1.8970645464068294e-022
 1.3582704146714584e+000  1.1373075896292953e+001  1.0587698263251763e+033  1.8522797993164506e+014 -2.2496130756213736e-001  1.0932884352036761e-001  4.2228682744067025e-003  1.9041226622494180e-022
 1.3587328460405990e+000  1.1376135509810524e+001  1.0464161640203879e+033  1.8455331523334762e+014 -2.2488743273848993e-001  1.0893333313309622e-001  4.2014011203817449e-003  1.9120370010762008e-022
 1.3591903452456249e+000  1.1379171931196369e+001  1.0342044582814837e+033  1.8388077285529959e+014 -2.2481413607278358e-001  1.0853903739098726e-001  4.1800165511070341e-003  1.9199775188467958e-022
 1.3596429609549208e+000  1.1382185328110163e+001  1.0221331205469175e+033  1.8321035842940000e+014 -2.2474141319633556e-001  1.0814596008208725e-001  4.1587147030918599e-003  1.9270997481211028e-022
 1.3600907414268100e+000  1.1385175866956732e+001  1.0102005791820529e+033  1.8254207680652625e+014 -2.2466925977412222e-001  1.0775410452828552e-001  4.1374956873246596e-003  1.9326173342554644e-022
 1.3605337345115043e+000  1.1388143712944270e+001  9.9840527932013466e+032  1.8187592689540516e+014 -2.2459767150336071e-001  1.0736347052184447e-001  4.1163594345500296e-003  1.9363895968375032e-022
 1.3609719876529269e+000  1.1391089030178525e+001  9.8674568270788652e+032  1.8121190443225550e+014 -2.2452664411122666e-001  1.0697405596894842e-001  4.0953057795675065e-003  1.9386310438952028e-022
 1.3614055478908769e+000  1.1394011981684972e+001  9.7522026754563313e+032  1.8055000510870628e+014 -2.2445617335431028e-001  1.0658585874616544e-001  4.0743345555226511e-003  1.9395648795072436e-022
 1.3618344618632880e+000  1.1396912729414693e+001  9.6382752832692942e+032  1.7989022460249966e+014 -2.2438625501846612e-001  1.0619887671867945e-001  4.0534455948333546e-003  1.9394179725402235e-022
 1.3622587758084965e+000  1.1399791434250206e+001  9.5256597567942769e+032  1.7923255857777512e+014 -2.2431688491866278e-001  1.0581310774046904e-001  4.0326387292006311e-003  1.9384194524088800e-022
 1.3626785355675213e+000  1.1402648256011206e+001  9.4143413620698536e+032  1.7857700268535034e+014 -2.2424805889883290e-001  1.0542854965448384e-001  4.0119137896192916e-003  1.9367995655273237e-022
 1.3630937865863504e+000  1.1405483353460404e+001  9.3043055233301223e+032  1.7792355256300003e+014 -2.2417977283172275e-001  1.0504520029282019e-001  3.9912706063885417e-003  1.9347887995440143e-022
 1.3635045739182383e+000  1.1408296884309243e+001  9.1955378214505115e+032  1.7727220383573109e+014 -2.2411202261874164e-001  1.0466305747689454e-001  3.9707090091224851e-003  1.9326172791192734e-022
 1.3639109422260116e+000  1.1411089005223667e+001  9.0880239924059272e+032  1.7662295211605556e+014 -2.2404480418981099e-001  1.0428211901761569e-001  3.9502288267605715e-003  1.9305144345477155e-022
 1.3643129357843800e+000  1.1413859871829812e+001  8.9817499257411836e+032  1.7597579300418312e+014 -2.2397811350321381e-001  1.0390238271551025e-001  3.9298298875754594e-003  1.9287089421346440e-022
 1.3647105984821963e+000  1.1416609638738878e+001  8.8767016630655542e+032  1.7533071722522509e+014 -2.2391194654498411e-001  1.0352384350978185e-001  3.9095118666607172e-003  1.9273766636205462e-022
 1.3651039738241113e+000  1.1419338459745543e+001  8.7728653966871581e+032  1.7468769761506487e+014 -2.2384629932411959e-001  1.0314648584792838e-001  3.8892738795376415e-003  1.9264998996622874e-022
 1.3654931049323118e+000  1.1422046488009055e+001  8.6702274682533928e+032  1.7404670317420384e+014 -2.2378116786822158e-001  1.0277029192442944e-001  3.8691149258553680e-003  1.9260165164392511e-022
 1.3658780345489656e+000  1.1424733876063110e+001  8.5687743672588698e+032  1.7340770326105891e+014 -2.2371654822325687e-001  1.0239524413913496e-001  3.8490340212390898e-003  1.9258646488892998e-022
 1.3662588050387341e+000  1.1427400775810305e+001  8.4684927295514613e+032  1.7277066758983153e+014 -2.2365243645368926e-001  1.0202132509607507e-001  3.8290301971579308e-003  1.9259825853892898e-022
 1.3666354583912763e+000  1.1430047338516747e+001  8.3693693358517534e+032  1.7213556622841550e+014 -2.2358882864260621e-001  1.0164851760229074e-001  3.8091025007945920e-003  1.9263086722498435e-022
 1.3670080362237496e+000  1.1432673714806775e+001  8.2713911102857829e+032  1.7150236959634278e+014 -2.2352572089184095e-001  1.0127680466668619e-001  3.7892499949167850e-003  1.9267812379200030e-022
 1.3673765797833020e+000  1.1435280054657913e+001  8.1745451189309906e+032  1.7087104846276606e+014 -2.2346310932208999e-001  1.0090616949890142e-001  3.7694717577503541e-003  1.9273385368740142e-022
 1.3677411299495585e+000  1.1437866507395883e+001  8.0788185683752681e+032  1.7024157394447791e+014 -2.2340099007302544e-001  1.0053659550820525e-001  3.7497668828540753e-003  1.9279187132109114e-022
 1.3681017272371039e+000  1.1440433221689805e+001  7.9841988042890210e+032  1.6961391750396556e+014 -2.2333935930340351e-001  1.0016806630240799e-001  3.7301344789960247e-003  1.9284597840381839e-022
 1.3684584117979537e+000  1.1442980345548238e+001  7.8906733100103746e+032  1.6898805045376641e+014 -2.2327821319115126e-001  9.9800565396209753e-002  3.7105736542218494e-003  1.9289003454820077e-022
 1.3688112234236771e+000  1.1445508026432684e+001  7.7982297052121500e+032  1.6836392238471691e+014 -2.2321754793063470e-001  9.9434063515061857e-002  3.6910828262560163e-003  1.9292104296407129e-022
 1.3691602015463866e+000  1.1448016411724398e+001  7.7068557448218043e+032  1.6774145314953150e+014 -2.2315735972145359e-001  9.9068513875654518e-002  3.6716594720933135e-003  1.9294036399711162e-022
 1.3695053852407126e+000  1.1450505648909511e+001  7.6165393177636469e+032  1.6712056146023325e+014 -2.2309764476401239e-001  9.8703869016007653e-002  3.6523010469311371e-003  1.9294968141690876e-022
 1.3698468132265382e+000  1.1452975885557729e+001  7.5272684455540664e+032  1.6650116713164528e+014 -2.2303839926004723e-001  9.8340082115969576e-002  3.6330050559273633e-003  1.9295068259556613e-022
 1.3701845238717312e+000  1.1455427269296303e+001  7.4390312809066710e+032  1.6588319107618906e+014 -2.2297961941326142e-001  9.7977106994287522e-002  3.6137690538453550e-003  1.9294505768716836e-022
 1.3705185551948502e+000  1.1457859947784621e+001  7.3518161063521040e+032  1.6526655529903603e+014 -2.2292130142994651e-001  9.7614898105882697e-002  3.5945906447144341e-003  1.9293449895384044e-022
 1.3708489448678269e+000  1.1460274068689237e+001  7.2656113328723296e+032  1.6465118289360384e+014 -2.2286344151958931e-001  9.7253410539323779e-002  3.5754674815051605e-003  1.9292070023916698e-022
 1.3711757302186252e+000  1.1462669779659464e+001  7.1804054985492264e+032  1.6403699803738906e+014 -2.2280603589546427e-001  9.6892600014494873e-002  3.5563972658189968e-003  1.9290535658956479e-022
 1.3714989482338760e+000  1.1465047228303384e+001  7.0961872672272977e+032  1.6342392598812744e+014 -2.2274908077521219e-001  9.6532422880452662e-002  3.5373777475916548e-003  1.9289016402410917e-022
 1.3718186355614925e+000  1.1467406562164467e+001  7.0129454271903423e+032  1.6281189308027366e+014 -2.2269257238140447e-001  9.6172836113467719e-002  3.5184067248098111e-003  1.9287681945325716e-022
 1.3721348285131887e+000  1.1469747928728651e+001  6.9306688898656577e+032  1.6220081662752803e+014 -2.2263650694137449e-001  9.5813791372235585e-002  3.4994817194966867e-003  1.9286680516805749e-022
 1.3724475630656068e+000  1.1472071475935392e+001  6.8493466888217081e+032  1.6159054995919625e+014 -2.2258088067498735e-001  9.5455202636836087e-002  3.4805982202929723e-003  1.9286020681217279e-022
 1.3727568748608603e+000  1.1474377352889192e+001  6.7689679789191511e+032  1.6098092265061512e+014 -2.2252568977763043e-001  9.5096969891689379e-002  3.4617509855065383e-003  1.9285655290416568e-022
 1.3730627992091844e+000  1.1476665709906589e+001  6.6895220350490558e+032  1.6037176672723341e+014 -2.2247093041913107e-001  9.4738994552846054e-002  3.4429348859400665e-003  1.9285537030942297e-022
 1.3733653710919129e+000  1.1478936698456042e+001  6.6109982508080647e+032  1.5976291673042441e+014 -2.2241659874523212e-001  9.4381179506954377e-002  3.4241449066736897e-003  1.9285618562343110e-022
 1.3736646251644131e+000  1.1481190471099138e+001  6.5333861371902067e+032  1.5915420971711731e+014 -2.2236269087903496e-001  9.4023429111254539e-002  3.4053761467390830e-003  1.9285852512239720e-022
 1.3739605957589682e+000  1.1483427181433019e+001  6.4566753212950900e+032  1.5854548526107631e+014 -2.2230920292240822e-001  9.3665649194534004e-002  3.3866238188625308e-003  1.9286191472552986e-022
 1.3742533168876176e+000  1.1485646984034066e+001  6.3808555450522158e+032  1.5793658545578066e+014 -2.2225613095736274e-001  9.3307747059016025e-002  3.3678832492738666e-003  1.9286587996893980e-022
 1.3745428222449534e+000  1.1487850034402889e+001  6.3059166639611075e+032  1.5732735491885731e+014 -2.2220347104739266e-001  9.2949631483154577e-002  3.3491498775781812e-003  1.9286994599125638e-022
 1.3748291452108736e+000  1.1490036488910587e+001  6.2318486458469741e+032  1.5671764079801941e+014 -2.2215121923878250e-001  9.2591212725306959e-002  3.3304192566872945e-003  1.9287363753092703e-022
 1.3751123188532750e+000  1.1492206504757393e+001  6.1586415696355864e+032  1.5610728705282809e+014 -2.2209937156161316e-001  9.2232399158475836e-002  3.3116868696592564e-003  1.9287649812169144e-022
 1.3753923759293676e+000  1.1494360240497457e+001  6.0862856244103642e+032  1.5549604477551872e+014 -2.2204792401724760e-001  9.1873044489081138e-002  3.2929452674698282e-003  1.9287839222290706e-022
 1.3756693488847340e+000  1.1496497857439351e+001  6.0147711089639763e+032  1.5488359036139934e+014 -2.2199687254492426e-001  9.1512958446139367e-002  3.2741846748612280e-003  1.9287945029285219e-022
 1.3759432698554401e+000  1.1498619519946418e+001  5.9440884307631025e+032  1.5426960314229547e+014 -2.2194621301466266e-001  9.1151952470277603e-002  3.2553954825956951e-003  1.9287981092518219e-022
 1.3762141706713220e+000  1.1500725395325835e+001  5.8742281046741707e+032  1.5365376782465694e+014 -2.2189594122999579e-001  9.0789841148935194e-002  3.2365683253267091e-003  1.9287961282723046e-022
 1.3764820828592064e+000  1.1502815653717063e+001  5.8051807517060836e+032  1.5303577453302378e+014 -2.2184605293070830e-001  9.0426442242221947e-002  3.2176940827983854e-003  1.9287899481377017e-022
 1.3767470376460551e+000  1.1504890467983307e+001  5.7369370977723815e+032  1.5241531885976591e+014 -2.2179654379549774e-001  9.0061576712449284e-002  3.1987638812985310e-003  1.9287809580176164e-022
 1.3770090659620324e+000  1.1506950013606021e+001  5.6694879724723973e+032  1.5179210192087641e+014 -2.2174740944455737e-001  8.9695068757204829e-002  3.1797690953509631e-003  1.9287705480601380e-022
 1.3772681984435031e+000  1.1508994468582442e+001  5.6028243078909761e+032  1.5116583041759456e+014 -2.2169864544208051e-001  8.9326745845840841e-002  3.1607013496325865e-003  1.9287601093582987e-022
 1.3775244654359606e+000  1.1511024013326256e+001  5.5369371374163261e+032  1.5053621670363209e+014 -2.2165024729868543e-001  8.8956438759242945e-002  3.1415525211005591e-003  1.9287510339261333e-022
 1.3777778969967178e+000  1.1513038830662289e+001  5.4718175946084431e+032  1.4990294631284719e+014 -2.2160221047159309e-001  8.8583962453126885e-002  3.1223137042955072e-003  1.9287445302735494e-022
 1.3780285228942757e+000  1.1515039107323997e+001  5.4074569127410603e+032  1.4926550417516425e+014 -2.2155453032898872e-001  8.8209013638489236e-002  3.1029696947848912e-003  1.9287406300711275e-022
 1.3782763726063543e+000  1.1517025036030459e+001  5.3438464246786316e+032  1.4862330405358094e+014 -2.2150720210062946e-001  8.7831247053406267e-002  3.0835031625781385e-003  1.9287389018698860e-022
 1.3785214753228552e+000  1.1518996815603272e+001  5.2809775617797434e+032  1.4797577092313150e+014 -2.2146022087521436e-001  8.7450324009500660e-002  3.0638972880253990e-003  1.9287389128307018e-022
 1.3787638599495811e+000  1.1520954650775343e+001  5.2188418526428100e+032  1.4732234138968497e+014 -2.2141358160509358e-001  8.7065912638892087e-002  3.0441357762164899e-003  1.9287402298324205e-022
 1.3790035551118300e+000  1.1522898752006746e+001  5.1574309218765673e+032  1.4666246393411406e+014 -2.2136727911079951e-001  8.6677688038190592e-002  3.0242028659626030e-003  1.9287424194748937e-022
 1.3792405891578703e+000  1.1524829335307885e+001  5.0967364888948297e+032  1.4599559917696997e+014 -2.2132130808539383e-001  8.6285332424532304e-002  3.0040833395579675e-003  1.9287450480830533e-022
 1.3794749901623020e+000  1.1526746622070227e+001  5.0367503667348078e+032  1.4532122016266566e+014 -2.2127566309862734e-001  8.5888535303075317e-002  2.9837625332563311e-003  1.9287476817124106e-022
 1.3797067859293071e+000  1.1528650838904680e+001  4.9774644608983421e+032  1.4463881266149162e+014 -2.2123033860090918e-001  8.5486993644971213e-002  2.9632263483750083e-003  1.9287498861565465e-022
 1.3799360039953350e+000  1.1530542217746811e+001  4.9188707683038263e+032  1.4394779693060403e+014 -2.2118532892091902e-001  8.5080365781464398e-002  2.9424587522475934e-003  1.9287513294783203e-022
 1.3801626716269129e+000  1.1532420998370190e+001  4.8609613772265085e+032  1.4324731408429031e+014 -2.2114062820593777e-001  8.4668145505265288e-002  2.9214349964377683e-003  1.9287520651393829e-022
 1.3803868158188928e+000  1.1534287430708313e+001  4.8037284672300697e+032  1.4253645744084741e+014 -2.2109623036681780e-001  8.4249798389212663e-002  2.9001290880903475e-003  1.9287522372682627e-022
 1.3806084632981206e+000  1.1536141774809812e+001  4.7471643080178016e+032  1.4181434330241281e+014 -2.2105212907930147e-001  8.3824803494506439e-002  2.8785160668016738e-003  1.9287519900788369e-022
 1.3808276405275028e+000  1.1537984300588924e+001  4.6912612581966062e+032  1.4108011171746081e+014 -2.2100831779020502e-001  8.3392653819727922e-002  2.8565720340403070e-003  1.9287514678671817e-022
 1.3810443737098987e+000  1.1539815287592194e+001  4.6360117640718701e+032  1.4033292729365344e+014 -2.2096478972320327e-001  8.2952856779481901e-002  2.8342741843380512e-003  1.9287508150086404e-022
 1.3812586887918519e+000  1.1541635024782046e+001  4.5814083584722287e+032  1.3957198005749242e+014 -2.2092153788420454e-001  8.2504934710578862e-002  2.8116008380190387e-003  1.9287501759547247e-022
 1.3814706114671638e+000  1.1543443810337784e+001  4.5274436596033488e+032  1.3879648630782412e+014 -2.2087855506630172e-001  8.2048425368487873e-002  2.7885314632592282e-003  1.9287496935165579e-022
 1.3816801671803030e+000  1.1545241951484750e+001  4.4741103699332229e+032  1.3800568739621708e+014 -2.2083583385404751e-001  8.1582880941109950e-002  2.7650461873985599e-003  1.9287494331601712e-022
 1.3818873811296135e+000  1.1547029764373013e+001  4.4214012751166768e+032  1.3719884991881861e+014 -2.2079336662654667e-001  8.1107868064146021e-002  2.7411256505225330e-003  1.9287493530710619e-022
 1.3820922782704426e+000  1.1548807573950594e+001  4.3693092429368305e+032  1.3637526962469837e+014 -2.2075114556067443e-001  8.0622970481972200e-002  2.7167517516888100e-003  1.9287494035211198e-022
 1.3822948833181765e+000  1.1550575713837938e+001  4.3178272222640907e+032  1.3553427268592053e+014 -2.2070916263425935e-001  8.0127789824759071e-002  2.6919077434990513e-003  1.9287495347584864e-022
 1.3824952207511587e+000  1.1552334526222040e+001  4.2669482420396554e+032  1.3467521676223009e+014 -2.2066740962879985e-001  7.9621946236514710e-002  2.6665782712336733e-003  1.9287496970088028e-022
 1.3826933148134934e+000  1.1554084361770935e+001  4.2166654102829855e+032  1.3379749208356781e+014 -2.2062587813169218e-001  7.9105079013758503e-002  2.6407494117927145e-003  1.9287498404763045e-022
 1.3828891895185988e+000  1.1555825578992541e+001  4.1669719129596410e+032  1.3290071365223666e+014 -2.2058455955164255e-001  7.8576959822129713e-002  2.6144142330115825e-003  1.9287499244185761e-022
 1.3830828686645351e+000  1.1557558536549259e+001  4.1178610104959245e+032  1.3198544912043169e+014 -2.2054344530115547e-001  7.8037921476050959e-002  2.5875936618925724e-003  1.9287499522093791e-022
 1.3832743758507604e+000  1.1559283584601186e+001  4.0693260338078896e+032  1.3105254886416059e+014 -2.2050252700180012e-001  7.7488463378037303e-002  2.5603168006856605e-003  1.9287499406224204e-022
 1.3834637344791556e+000  1.1561001064119555e+001  4.0213603834331415e+032  1.3010285923182834e+014 -2.2046179650021930e-001  7.6929082620988076e-002  2.5326125741887153e-003  1.9287499064408779e-022
 1.3836509677530813e+000  1.1562711307159875e+001  3.9739575290860702e+032  1.2913722157053947e+014 -2.2042124586137093e-001  7.6360273416904698e-002  2.5045096873519052e-003  1.9287498664539065e-022
 1.3838360986766280e+000  1.1564414637087312e+001  3.9271110091946427e+032  1.2815649561007614e+014 -2.2038086736291707e-001  7.5782540876996776e-002  2.4760373032323563e-003  1.9287498371293690e-022
 1.3840191500595644e+000  1.1566111365108169e+001  3.8808144293458647e+032  1.2716225666028395e+014 -2.2034065357715979e-001  7.5196811819542062e-002  2.4472455371168200e-003  1.9287498251197885e-022
 1.3842001445369789e+000  1.1567801777855703e+001  3.8350614576971949e+032  1.2615687439200936e+014 -2.2030059766480029e-001  7.4604481255213947e-002  2.4182073287600647e-003  1.9287498257790753e-022
 1.3843791045743337e+000  1.1569486133102968e+001  3.7898458231338595e+032  1.2514270478819016e+014 -2.2026069347578664e-001  7.4006936311969834e-002  2.3889943428820155e-003  1.9287498338350181e-022
 1.3845560524637321e+000  1.1571164660149121e+001  3.7451613152198334e+032  1.2412204158821530e+014 -2.2022093553935168e-001  7.3405527625219985e-002  2.3596755193033428e-003  1.9287498440138433e-022
 1.3847310103203319e+000  1.1572837560258588e+001  3.7010017841544588e+032  1.2309711131077520e+014 -2.2018131905281643e-001  7.2801566438676274e-002  2.3303169673080104e-003  1.9287498512180320e-022
 1.3849040000785262e+000  1.1574505007453272e+001  3.6573611408042505e+032  1.2207000808580242e+014 -2.2014183986205157e-001  7.2196286854439573e-002  2.3009808449154646e-003  1.9287498537729380e-022
 1.3850750434873673e+000  1.1576167149960646e+001  3.6142333569265384e+032  1.2104270237837764e+014 -2.2010249442644572e-001  7.1590850867667991e-002  2.2717255349833194e-003  1.9287498530964520e-022
 1.3852441621075848e+000  1.1577824110869464e+001  3.5716124651167089e+032  1.2001710135020177e+014 -2.2006327980267376e-001  7.0986383307455297e-002  2.2426067024396978e-003  1.9287498507180200e-022
 1.3854113773094485e+000  1.1579475988441066e+001  3.5294925586121927e+032  1.1899505115035125e+014 -2.2002419363663211e-001  7.0383973158034338e-002  2.2136773543761238e-003  1.9287498481674584e-022
 1.3855767102704097e+000  1.1581122856765740e+001  3.4878677911595152e+032  1.1797822009109420e+014 -2.1998523414722709e-001  6.9784604652440629e-002  2.1849846924682859e-003  1.9287498467370417e-022
 1.3857401819659070e+000  1.1582764771403124e+001  3.4467323782593151e+032  1.1696759410246475e+014 -2.1994639999231980e-001  6.9188859677989031e-002  2.1565565727427851e-003  1.9287498464371989e-022
 1.3859018131587013e+000  1.1584401776222560e+001  3.4060805988479749e+032  1.1596391693525989e+014 -2.1990769010649616e-001  6.8597177352144684e-002  2.1284137663613095e-003  1.9287498468480899e-022
 1.3860616243981581e+000  1.1586033904328000e+001  3.3659067950592743e+032  1.1496790603806883e+014 -2.1986910367888934e-001  6.8009981330946156e-002  2.1005758912511717e-003  1.9287498475494223e-022
 1.3862196360210617e+000  1.1587661178182501e+001  3.3262053716862533e+032  1.1398024878203367e+014 -2.1983064014994924e-001  6.7427677585669463e-002  2.0730613254181063e-003  1.9287498481246041e-022
 1.3863758681509821e+000  1.1589283610920734e+001  3.2869707959316267e+032  1.1300136860804844e+014 -2.1979229918014279e-001  6.6850516813151087e-002  2.0458808438231840e-003  1.9287498483589389e-022
 1.3865303406922005e+000  1.1590901211648333e+001  3.2481975982795392e+032  1.1203131802847603e+014 -2.1975408052452150e-001  6.6278531459448162e-002  2.0190348780737438e-003  1.9287498483403280e-022
 1.3866830733280340e+000  1.1592513987910344e+001  3.2098803725763723e+032  1.1107011692595884e+014 -2.1971598397432709e-001  6.5711734737999322e-002  1.9925228996719008e-003  1.9287498481814781e-022
 1.3868340855230472e+000  1.1594121945775974e+001  3.1720137753463287e+032  1.1011778247477550e+014 -2.1967800935496273e-001  6.5150138233247973e-002  1.9663442473312883e-003  1.9287498479951643e-022
 1.3869833965253013e+000  1.1595725089915918e+001  3.1345925250998334e+032  1.0917430824281684e+014 -2.1964015652414079e-001  6.4593739520263954e-002  1.9404975596576657e-003  1.9287498478821288e-022
 1.3871310253670754e+000  1.1597323424879397e+001  3.0976114019456022e+032  1.0823953017376636e+014 -2.1960242534171961e-001  6.4042442765233965e-002  1.9149771505996057e-003  1.9287498478532805e-022
 1.3872769908646723e+000  1.1598916957058009e+001  3.0610652474147168e+032  1.0731321767668177e+014 -2.1956481562337465e-001  6.3496112679924083e-002  1.8897755731816354e-003  1.9287498478787163e-022
 1.3874213116206768e+000  1.1600505694977821e+001  3.0249489638150831e+032  1.0639514565166027e+014 -2.1952732713377554e-001  6.2954617190351073e-002  1.8648856007663116e-003  1.9287498479282996e-022
 1.3875640060266801e+000  1.1602089649276214e+001  2.9892575134924070e+032  1.0548509460262077e+014 -2.1948995958721015e-001  6.2417827505473721e-002  1.8403002270438375e-003  1.9287498479720720e-022
 1.3877050922658680e+000  1.1603668832761603e+001  2.9539859181184943e+032  1.0458283290658831e+014 -2.1945271264625116e-001  6.1885607722835634e-002  1.8160121537242676e-003  1.9287498479915189e-022
 1.3878445883150750e+000  1.1605243260870454e+001  2.9191292580877041e+032  1.0368809925289062e+014 -2.1941558591105795e-001  6.1357804532157022e-002  1.7920132974443856e-003  1.9287498479919026e-022
 1.3879825119470695e+000  1.1606812951926045e+001  2.8846826718752017e+032  1.0280063522629830e+014 -2.1937857891336740e-001  6.0834266315954628e-002  1.7682957388024214e-003  1.9287498479812404e-022
 1.3881188807331988e+000  1.1608377927118212e+001  2.8506413553251939e+032  1.0192018962601998e+014 -2.1934169111706753e-001  6.0314845681937727e-002  1.7448518438744664e-003  1.9287498479676592e-022
 1.3882537120460103e+000  1.1609938210469483e+001  2.8170005609445258e+032  1.0104651887545561e+014 -2.1930492191909060e-001  5.9799399695762145e-002  1.7216742675373934e-003  1.9287498479587101e-022
 1.3883870230618738e+000  1.1611493828756220e+001  2.7837555971960918e+032  1.0017939255807855e+014 -2.1926827065136550e-001  5.9287793044776681e-002  1.6987560592956028e-003  1.9287498479560239e-022
 1.3886491519430284e+000  1.1614591190324052e+001  2.7184346709997980e+032  9.8463900099725984e+013 -2.1919531892608807e-001  5.8275584733134496e-002  1.6536715303401910e-003  1.9287498479609713e-022
 1.3898741674610844e+000  1.1629810453663634e+001  2.4140564967883260e+032  9.0214545140607687e+013 -2.1883733247207590e-001  5.3406980328599023e-002  1.4418895770990879e-003  1.9287498479639590e-022
 1.3909676739959100e+000  1.1644619148128889e+001  2.1436796976578787e+032  8.2427371003211375e+013 -2.1848977584697263e-001  4.8809435217172063e-002  1.2502938427215342e-003  1.9287498479639178e-022
 1.3919436628507138e+000  1.1659072798791597e+001  1.9035242948920171e+032  7.5057193368915125e+013 -2.1815131342969621e-001  4.4456583645184962e-002  1.0772802217673301e-003  1.9287498479639178e-022
 1.3928146632778051e+000  1.1673227759727979e+001  1.6902275150979099e+032  6.8114361377807898e+013 -2.1782059842941690e-001  4.0354760419885276e-002  9.2249421892275302e-004  1.9287498479639178e-022
 1.3935918960076168e+000  1.1687133947061421e+001  1.5007972466636114e+032  6.1633154295439484e+013 -2.1749644283401739e-001  3.6524432096184091e-002  7.8586929237252671e-004  1.9287498479639178e-022
 1.3942854057714398e+000  1.1700830347949827e+001  1.3325713743234040e+032  5.5648460909800633e+013 -2.1717792036909508e-001  3.2986412549740322e-002  6.6704194817069577e-004  1.9287498479639178e-022
 1.3949041784269109e+000  1.1714343122681312e+001  1.1831819464249982e+032  5.0180861368114539e+013 -2.1686440780454880e-001  2.9753074057996126e-002  5.6510440998986517e-004  1.9287498479639178e-022
 1.3954562463390108e+000  1.1727685959624058e+001  1.0505233766925654e+032  4.5230665174390945e+013 -2.1655557349260318e-001  2.6824799043500189e-002  4.7863173415223844e-004  1.9287498479639178e-022
 1.3959487843417686e+000  1.1740862014959871e+001  9.3272405780328895e+031  4.0779082041500203e+013 -2.1625132943840966e-001  2.4190671741401742e-002  4.0586447404698822e-004  1.9287498479639178e-022
 1.3963881976005714e+000  1.1753866597772506e+001  8.2812091787402437e+031  3.6793503111162492e+013 -2.1595176685799045e-001  2.1831585780078600e-002  3.4492814859151950e-004  1.9287498479639178e-022
 1.3967802019935045e+000  1.1766689892501027e+001  7.3523658139433329e+031  3.3233542049375152e+013 -2.1565709178498005e-001  1.9723809121744779e-002  2.9400891990610968e-004  1.9287498479639178e-022
 1.3971298972935575e+000  1.1779319293146848e+001  6.5275888356516953e+031  3.0056152630389441e+013 -2.1536757049543093e-001  1.7842010211384526e-002  2.5146115144197259e-004  1.9287498479639178e-022
 1.3974418333740706e+000  1.1791741193916680e+001  5.7952253264924787e+031  2.7219089629473535e+013 -2.1508348814384209e-001  1.6161306715012955e-002  2.1585433317199403e-004  1.9287498479639178e-022
 1.3977200697465448e+000  1.1803942247609100e+001  5.1449273336875223e+031  2.4682917802666352e+013 -2.1480512012944797e-001  1.4658456136230113e-002  1.8597891623732538e-004  1.9287498479639178e-022
 1.3979682288492736e+000  1.1815910184729876e+001  4.5675059237528565e+031  2.2411959275199668e+013 -2.1453271385730202e-001  1.3312419490289176e-002  1.6083014871440095e-004  1.9287498479639178e-022
 1.3981895435867882e+000  1.1827634301356820e+001  4.0548013292826324e+031  2.0374533975808508e+013 -2.1426647826028608e-001  1.2104506061593343e-002  1.3958194597577718e-004  1.9287498479639178e-022
 1.3983868996553539e+000  1.1839105717155554e+001  3.5995675457583807e+031  1.8542831620440547e+013 -2.1400657864911576e-001  1.1018304221775427e-002  1.2155882954006616e-004  1.9287498479639178e-022
 1.3985628731900033e+000  1.1850317473583042e+001  3.1953698420582626e+031  1.6892598071081998e+013 -2.1375313521396169e-001  1.0039493014307494e-002  1.0620983524231556e-004  1.9287498479639178e-022
 1.3987197642389562e+000  1.1861264533956996e+001  2.8364937792437696e+031  1.5402733909143133e+013 -2.1350622372395064e-001  9.1556103218843436e-003  9.3085412855111542e-005  1.9287498479639178e-022
 1.3988596265331887e+000  1.1871943723339150e+001  2.5178644609166866e+031  1.4054904979878687e+013 -2.1326587753377957e-001  8.3558268205544337e-003  8.1818341188434054e-005  1.9287498479639178e-022
 1.3989842939726740e+000  1.1882353634562349e+001  2.2349748685625172e+031  1.2833160257214219e+013 -2.1303209028569886e-001  7.6307155796402296e-003  7.2107837616506516e-005  1.9287498479639178e-022
 1.3990954042051758e+000  1.1892494518403813e+001  1.9838222580021066e+031  1.1723605876242500e+013 -2.1280481889418565e-001  6.9720631142163626e-003  6.3706812463541624e-005  1.9287498479639178e-022
 1.3991944196299095e+000  1.1902368172161104e+001  1.7608517061276474e+031  1.0714105812688533e+013 -2.1258398649266849e-001  6.3726928755562968e-003  5.6411584517678941e-005  1.9287498479639178e-022
 1.3992826461196013e+000  1.1911977832423897e+001  1.5629059984694229e+031  9.7940325896494160e+012 -2.1236948521654214e-001  5.8263212525609814e-003  5.0053648049363829e-005  1.9287498479639178e-022
 1.3993612497188208e+000  1.1921328077419595e+001  1.3871811404328338e+031  8.9540572631809844e+012 -2.1216117870837459e-001  5.3274271430689716e-003  4.4493058544316268e-005  1.9287498479639178e-022
 1.3994312715453427e+000  1.1930424744483467e+001  1.2311868569231732e+031  8.1859598007696172e+012 -2.1195890422930005e-001  4.8711478696161223e-003  3.9613172151487213e-005  1.9287498479639178e-022
 1.3994936410946133e+000  1.1939274862007160e+001  1.0927115169852053e+031  7.4824840084222227e+012 -2.1176247439963322e-001  4.4531867695880595e-003  3.5316393209787002e-005  1.9287498479639178e-022
 1.3995491881229367e+000  1.1947886603451858e+001  9.6979098535734638e+030  6.8372001943349121e+012 -2.1157167840889124e-001  4.0697388665608195e-003  3.1520763043830564e-005  1.9287498479639178e-022
 1.3995986532652016e+000  1.1956269260807819e+001  8.6068095854398962e+030  6.2443999652994287e+012 -2.1138628276281679e-001  3.7174223994504148e-003  2.8157217107342187e-005  1.9287498479639178e-022
 1.3996426975242442e+000  1.1964433243838389e+001  7.6383239423898068e+030  5.6990012718332695e+012 -2.1120603143596964e-001  3.3932276047790064e-003  2.5167350572334293e-005  1.9287498479639178e-022
 1.3996819107536140e+000  1.1972390108187396e+001  6.7786968691306947e+030  5.1964691615275889e+012 -2.1103064537156221e-001  3.0944679121468512e-003  2.2501604631349674e-005  1.9287498479639178e-022
 1.3997168192417351e+000  1.1980152615029501e+001  6.0157128167552714e+030  4.7327508974517100e+012 -2.1085982127922817e-001  2.8187410070721090e-003  2.0117802887841681e-005  1.9287498479639178e-022
 1.3997478924931561e+000  1.1987734834001520e+001  5.3385245374012609e+030  4.3042162419059648e+012 -2.1069322948271754e-001  2.5638959662808367e-003  1.7979938047827015e-005  1.9287498479639178e-022
 1.3997755492924069e+000  1.1995152293515858e+001  4.7375001098369241e+030  3.9076137414717505e+012 -2.1053051073961865e-001  2.3280044585172765e-003  1.6057198622760226e-005  1.9287498479639178e-022
 1.3998001631263248e+000  1.2002422193027526e+001  4.2040870482241070e+030  3.5400276251938833e+012 -2.1037127172664441e-001  2.1093378940003657e-003  1.4323151967209451e-005  1.9287498479639178e-022
 1.3998220670325614e+000  1.2009563699615093e+001  3.7306915879317292e+030  3.1988464799942202e+012 -2.1021507871739517e-001  1.9063473630703408e-003  1.2755083988069619e-005  1.9287498479639178e-022
 1.3998415579348722e+000  1.2016598349674172e+001  3.3105714526078739e+030  2.8817334943602383e+012 -2.1006144901936424e-001  1.7176465583498006e-003  1.1333448360892457e-005  1.9287498479639178e-022
 1.3998589005191007e+000  1.2023550602114204e+001  2.9377406019926805e+030  2.5866043297011216e+012 -2.0990983918498904e-001  1.5419986504373693e-003  1.0041413137574614e-005  1.9287498479639178e-022
 1.3998743306982178e+000  1.2030448600732923e+001  2.6068846251030231e+030  2.3116054852907476e+012 -2.0975962877903553e-001  1.3783038316973295e-003  8.8644802418557872e-006  1.9287498479639178e-022
 1.3998880587095290e+000  1.2037325248048845e+001  2.3132855969499062e+030  2.0550947634236804e+012 -2.0961009753252757e-001  1.2255876049505053e-003  7.7901556912447475e-006  1.9287498479639178e-022
 1.3999002718826632e+000  1.2044219754132069e+001  2.0527553508132449e+030  1.8156213099526724e+012 -2.0946039241533435e-001  1.0829881643004209e-003  6.8076622913735904e-006  1.9287498479639178e-022
 1.3999111371128821e+000  1.2051179931866292e+001  1.8215762391973042e+030  1.5919029943955471e+012 -2.0930947887375229e-001  9.4974443020329777e-004  5.9076840557578129e-006  1.9287498479639178e-022
 1.3999208030704404e+000  1.2058265721340005e+001  1.6164485698705530e+030  1.3828011284596824e+012 -2.0915606599939915e-001  8.2517987503435888e-004  5.0821227077231149e-006  1.9287498479639178e-022
 1.3999294021730428e+000  1.2065554851569408e+001  1.4344440137608154e+030  1.1872771520453130e+012 -2.0899848637377513e-001  7.0867738515760590e-004  4.3238225042297080e-006  1.9287498479639178e-022
 1.3999370523433798e+000  1.2073152678914100e+001  1.2729644243473796e+030  1.0042618130055872e+012 -2.0883448727565743e-001  5.9960067155781971e-004  3.6259848569014974e-006  1.9287498479639178e-022
 1.3999438585626771e+000  1.2081211932478274e+001  1.1297057942816425e+030  8.3223114299044604e+011 -2.0866081126265179e-001  4.9704196919551783e-004  2.9805580870421056e-006  1.9287498479639178e-022
 1.3999499142152485e+000  1.2089977799895859e+001  1.0026275791590915e+030  6.6916076403892114e+011 -2.0847223791550598e-001  3.9979330611119424e-004  2.3781471845167767e-006  1.9287498479639178e-022
 1.3999553025857319e+000  1.2099797038844475e+001  8.8992123720133765e+029  5.2876287717489868e+011 -2.0826141178145807e-001  3.1603455421838053e-004  1.8667967685978204e-006  1.9287498479639178e-022
 1.3999601000042445e+000  1.2110544704067207e+001  7.8994472184295554e+029  4.4465175989311481e+011 -2.0803114409771192e-001  2.6583820877229471e-004  1.5636739180933572e-006  1.9287498479639178e-022
 1.3999643748309019e+000  1.2121590752062525e+001  7.0121679489150020e+029  3.9299953182452527e+011 -2.0779501827985711e-001  2.3500509160761981e-004  1.3787181120564140e-006  1.9287498479639178e-022
 1.3999681853144446e+000  1.2132592296796957e+001  6.2245218525284145e+029  3.5375523476503418e+011 -2.0756038077890002e-001  2.1157420216627899e-004  1.2387952023565336e-006  1.9287498479639178e-022
 1.3999715820622751e+000  1.2143428660365158e+001  5.5252688205374391e+029  3.2034122627341693e+011 -2.0732978838402538e-001  1.9162080932196495e-004  1.1200680599991721e-006  1.9287498479639178e-022
 1.3999746098125165e+000  1.2154067909731097e+001  4.9044851201196124e+029  2.9041342771085577e+011 -2.0710389300114815e-001  1.7374624814777665e-004  1.0140456053288568e-006  1.9287498479639178e-022
 1.3999773083897578e+000  1.2164512156233801e+001  4.3533753430056956e+029  2.6311075538238446e+011 -2.0688262071240687e-001  1.5743680065292704e-004  9.1758307454207421e-007  1.9287498479639178e-022
 1.3999797133372986e+000  1.2174773541988278e+001  3.8641318832230269e+029  2.3813570142911005e+011 -2.0666568683208369e-001  1.4251524190954316e-004  8.2956042333965870e-007  1.9287498479639178e-022
 1.3999818564007553e+000  1.2184863725502730e+001  3.4298200728733658e+029  2.1537074039861798e+011 -2.0645281966240880e-001  1.2891180654960195e-004  7.4950586896145628e-007  1.9287498479639178e-022
 1.3999837659316368e+000  1.2194790306828267e+001  3.0442799873508751e+029  1.9471945976056589e+011 -2.0624383545619462e-001  1.1656929143080936e-004  6.7703064307417692e-007  1.9287498479639178e-022
 1.3999854672412342e+000  1.2204556637151354e+001  2.7020404147996849e+029  1.7605856901575983e+011 -2.0603864145010670e-001  1.0541443957803595e-004  6.1165939553225601e-007  1.9287498479639178e-022
 1.3999869829182043e+000  1.2214162890432899e+001  2.3982425392439005e+029  1.5923815697252603e+011 -2.0583721246767070e-001  9.5358031001853893e-005  5.5283143136286405e-007  1.9287498479639178e-022
 1.3999883331154892e+000  1.2223607310675321e+001  2.1285719213500341e+029  1.4409514894694473e+011 -2.0563956416471990e-001  8.6302965024767793e-005  4.9994692626757797e-007  1.9287498479639178e-022
 1.3999895358092844e+000  1.2232887228339214e+001  1.8891978381734817e+029  1.3046622516917302e+011 -2.0544573142888081e-001  7.8151883285724487e-005  4.5241173884668245e-007  1.9287498479639178e-022
 1.3999906070320214e+000  1.2241999762190646e+001  1.6767192341747853e+029  1.1819606199343080e+011 -2.0525575359236811e-001  7.0812227420105316e-005  4.0966499693383863e-007  1.9287498479639178e-022
 1.3999915610813185e+000  1.2250942255054429e+001  1.4881166200866640e+029  1.0714172000939833e+011 -2.0506966534885057e-001  6.4198748255404846e-005  3.7119340576381450e-007  1.9287498479639178e-022
 1.3999924107069437e+000  1.2259712512938739e+001  1.3207093062105425e+029  9.7174094955880646e+010 -2.0488749185116287e-001  5.8234441426232337e-005  3.3653546550985537e-007  1.9287498479639178e-022
 1.3999931672778454e+000  1.2268308919012650e+001  1.1721174051282392e+029  8.8177929446674271e+010 -2.0470924645118926e-001  5.2850564767611811e-005  3.0528068796210634e-007  1.9287498479639178e-022
 1.3999938409312482e+000  1.2276730463873960e+001  1.0402280854338913e+029  8.0050910217437943e+010 -2.0453493018952404e-001  4.7986063292689155e-005  2.7706577376312417e-007  1.9287498479639178e-022
 1.3999944407056770e+000  1.2284976730074556e+001  9.2316560870160825e+028  7.2702442513683258e+010 -2.0436453222865900e-001  4.3586888346636655e-005  2.5157009590789644e-007  1.9287498479639178e-022
 1.3999949746596188e+000  1.2293047847887184e+001  8.1926472840852173e+028  6.6052365713465485e+010 -2.0419803086825086e-001  3.9605187389941174e-005  2.2851051777552057e-007  1.9287498479639178e-022
 1.3999954499773686e+000  1.2300944441049847e+001  7.2704707513941853e+028  6.0029686612031746e+010 -2.0403539475059748e-001  3.5998588668178063e-005  2.0763690988657926e-007  1.9287498479639178e-022
 1.3999958730634448e+000  1.2308667565938093e+001  6.4520019258558094e+028  5.4571448351473129e+010 -2.0387658418403576e-001  3.2729509096918489e-005  1.8872789454100932e-007  1.9287498479639178e-022
 1.3999962496268221e+000  1.2316218652410511e+001  5.7255892668763219e+028  4.9621696730466019e+010 -2.0372155241472856e-001  2.9764537684883516e-005  1.7158709549911945e-007  1.9287498479639178e-022
 1.3999965847560785e+000  1.2323599447871743e+001  5.0808890324778411e+028  4.5130612228074356e+010 -2.0357024681672412e-001  2.7073918905853972e-005  1.5603992815825851e-007  1.9287498479639178e-022
 1.3999968829864438e+000  1.2330811964779791e+001  4.5087185915907731e+028  4.1053730808068344e+010 -2.0342260999745870e-001  2.4631103342229754e-005  1.4193088158700995e-007  1.9287498479639178e-022
 1.3999971483596287e+000  1.2337858435863698e+001  4.0009261907054933e+028  3.7351295758228699e+010 -2.0327858073330110e-001  2.2412336544585479e-005  1.2912101828761882e-007  1.9287498479639178e-022
 1.3999973844772100e+000  1.2344741270990726e+001  3.5502753239735618e+028  3.3987676850012775e+010 -2.0313809486125708e-001  2.0396335016560194e-005  1.1748604173111670e-007  1.9287498479639178e-022
 1.3999975945482679e+000  1.2351463023968396e+001  3.1503420700292938e+028  3.0930890648509480e+010 -2.0300108595918806e-001  1.8563983867977772e-005  1.0691449067922478e-007  1.9287498479639178e-022
 1.3999977814318969e+000  1.2358026358542373e+001  2.7954239369533531e+028  2.8152177241364986e+010 -2.0286748603562138e-001  1.6898097057996873e-005  9.7306230653657891e-008  1.9287498479639178e-022
 1.3999979476751341e+000  1.2364434022974740e+001  2.4804589273736965e+028  2.5625630138213528e+010 -2.0273722603891045e-001  1.5383187542973523e-005  8.8571162720557771e-008  1.9287498479639178e-022
 1.3999980955468079e+000  1.2370688827539478e+001  2.2009536759996111e+028  2.3327890233767902e+010 -2.0261023630273853e-001  1.4005293022264524e-005  8.0628107647473815e-008  1.9287498479639178e-022
 1.3999982270677307e+000  1.2376793623667385e+001  1.9529196425856254e+028  2.1237855852237877e+010 -2.0248644695457346e-001  1.2751795619218747e-005  7.3403797552913003e-008  1.9287498479639178e-022
 1.3999983440376431e+000  1.2382751288237355e+001  1.7328164582811290e+028  1.9336458884402134e+010 -2.0236578821690132e-001  1.1611291556195635e-005  6.6832064503395829e-008  1.9287498479639178e-022
 1.3999984480592480e+000  1.2388564708868483e+001  1.5375016230667681e+028  1.7606441654223957e+010 -2.0224819068620689e-001  1.0573457695098634e-005  6.0853060447122251e-008  1.9287498479639178e-022
 1.3999985405596476e+000  1.2394236772804346e+001  1.3641858431945138e+028  1.6032171600931339e+010 -2.0213358553773617e-001  9.6289449068053762e-006  5.5412605413516559e-008  1.9287498479639178e-022
 1.3999986228094661e+000  1.2399770357291027e+001  1.2103933764745853e+028  1.4599484609792896e+010 -2.0202190469913528e-001  8.7692761224487094e-006  5.0461636850150560e-008  1.9287498479639178e-022
 1.3999986959399051e+000  1.2405168320764583e+001  1.0739268243907495e+028  1.3295534114800465e+010 -2.0191308100709521e-001  7.9867652429280671e-006  4.5955668181541281e-008  1.9287498479639178e-022
 1.3999987609579496e+000  1.2410433496174575e+001  9.5283587304364476e+027  1.2108659275515743e+010 -2.0180704832053736e-001  7.2744322738627927e-006  4.1854339883960405e-008  1.9287498479639178e-022
 1.3999988187599297e+000  1.2415568686199727e+001  8.4538954046617117e+027  1.1028277541342096e+010 -2.0170374159562937e-001  6.6259429719767523e-006  3.8121036420199869e-008  1.9287498479639178e-022
 1.3999988701436095e+000  1.2420576658603224e+001  7.5005153731943281e+027  1.0044775515833761e+010 -2.0160309695817299e-001  6.0355414962673954e-006  3.4722505757864787e-008  1.9287498479639178e-022
 1.3999989434128668e+000  1.2428647967005586e+001  6.1442898170926143e+027  8.5975319625594692e+009 -2.0144110205716351e-001  5.1666337544895665e-006  2.9721442827834556e-008  1.9287498479639178e-022
 1.3999990036153642e+000  1.2436385832779411e+001  5.0331563120407398e+027  7.3597846973572979e+009 -2.0128604608452033e-001  4.4233812027096968e-006  2.5444187777405449e-008  1.9287498479639178e-022
 1.3999990530738025e+000  1.2443802289505866e+001  4.1228518186499054e+027  6.3010893784926195e+009 -2.0113765671271058e-001  3.7875446264761291e-006  2.1785526060901178e-008  1.9287498479639178e-022
 1.3999990936996052e+000  1.2450909014511103e+001  3.3771009599658353e+027  5.3954502961371555e+009 -2.0099567157815240e-001  3.2435473321559431e-006  1.8655637865530577e-008  1.9287498479639178e-022
 1.3999991270654100e+000  1.2457717320922988e+001  2.7661758638969020e+027  4.6206655974385653e+009 -2.0085983821631725e-001  2.7780830551272665e-006  1.5977821731693141e-008  1.9287498479639178e-022
 1.3999991544648507e+000  1.2464238156044480e+001  2.2657153955141910e+027  3.9577639810014443e+009 -2.0072991388470698e-001  2.3797777179570380e-006  1.3686542842898085e-008  1.9287498479639178e-022
 1.3999991769618441e+000  1.2470482105737503e+001  1.8557571144523152e+027  3.3905334371027722e+009 -2.0060566528018267e-001  2.0389105031445345e-006  1.1725806415100989e-008  1.9287498479639178e-022
 1.3999991954312159e+000  1.2476459398703474e+001  1.5199436761867496e+027  2.9051167700144362e+009 -2.0048686827225842e-001  1.7471704777704876e-006  1.0047751072262647e-008  1.9287498479639178e-022
 1.3999992105921772e+000  1.2482179915720659e+001  1.2448722780698596e+027  2.4896685329763584e+009 -2.0037330755102162e-001  1.4974512014086565e-006  8.6114618142587294e-009  1.9287498479639178e-022
 1.3999992230359006e+000  1.2487653197776536e+001  1.0195613937937727e+027  2.1340618537604005e+009 -2.0026477630972953e-001  1.2836767671970135e-006  7.3819621619597560e-009  1.9287498479639178e-022
 1.3999992332482325e+000  1.2492888457913196e+001  8.3501367320536192e+026  1.8296386022716753e+009 -2.0016107586562196e-001  1.1006509438712250e-006  6.3293469034598398e-009  1.9287498479639178e-022
 1.3999992416283926e+000  1.2497894590658607e+001  6.8385768283880437e+026  1.5689965727834461e+009 -2.0006201533983270e-001  9.4393076553421656e-007  5.4280454987082147e-009  1.9287498479639178e-022
 1.3999992485043689e+000  1.2502680183931764e+001  5.6005428090458850e+026  1.3458061939542172e+009 -1.9996741129866361e-001  8.0971610001247215e-007  4.6561941382236624e-009  1.9287498479639178e-022
 1.3999992541455852e+000  1.2507253530343561e+001  4.5865597672295677e+026  1.1546560861068046e+009 -1.9987708741657212e-001  6.9475759298880795e-007  3.9950966442070777e-009  1.9287498479639178e-022
 1.3999992587733281e+000  1.2511622637447381e+001  3.7560972236455842e+026  9.9091850945583510e+008 -1.9979087416886551e-001  5.9627623474732646e-007  3.4287654238268607e-009  1.9287498479639178e-022
