1.000000e+05
1.097156e+05
1.203752e+05
1.320704e+05
1.449018e+05
1.589799e+05
1.744258e+05
1.913724e+05
2.099654e+05
2.303648e+05
2.527462e+05
2.773020e+05
3.042436e+05
3.338028e+05
3.662338e+05
4.018156e+05
4.408545e+05
4.836863e+05
5.306794e+05
5.822382e+05
6.388062e+05
7.008702e+05
7.689641e+05
8.436737e+05
9.256418e+05
1.015574e+06
1.114243e+06
1.222498e+06
1.341272e+06
1.471585e+06
1.614558e+06
1.771422e+06
1.943527e+06
2.132353e+06
2.339524e+06
2.566823e+06
2.816206e+06
3.089818e+06
3.390013e+06
3.719374e+06
4.080734e+06
4.477202e+06
4.912190e+06
5.389440e+06
5.913057e+06
6.487547e+06
7.117853e+06
7.809396e+06
8.568127e+06
9.400574e+06
1.031390e+07
1.131596e+07
1.241537e+07
1.362160e+07
1.494502e+07
1.639703e+07
1.799010e+07
1.973795e+07
2.165561e+07
2.375959e+07
2.606798e+07
2.860065e+07
3.137938e+07
3.442808e+07
3.777298e+07
4.144285e+07
4.546928e+07
4.988691e+07
5.473373e+07
6.005145e+07
6.588582e+07
7.228703e+07
7.931017e+07
8.701564e+07
9.546975e+07
1.047452e+08
1.149219e+08
1.260872e+08
1.383374e+08
1.517777e+08
1.665239e+08
1.827027e+08
2.004534e+08
2.199287e+08
2.412961e+08
2.647395e+08
2.904606e+08
3.186807e+08
3.496425e+08
3.836124e+08
4.208827e+08
4.617741e+08
5.066383e+08
5.558613e+08
6.098667e+08
6.691190e+08
7.341280e+08
8.054531e+08
8.837079e+08
9.695656e+08
1.063765e+09
1.167116e+09
1.280509e+09
1.404918e+09
1.541415e+09
1.691173e+09
1.855480e+09
2.035752e+09
2.233538e+09
2.450540e+09
2.688625e+09
2.949841e+09
3.236437e+09
3.550877e+09
3.895866e+09
4.274374e+09
4.689655e+09
5.145285e+09
5.645181e+09
6.193645e+09
6.795396e+09
7.455611e+09
8.179969e+09
8.974704e+09
9.846652e+09
1.080332e+10
1.185292e+10
1.300451e+10
1.426798e+10
1.565420e+10
1.717510e+10
1.884377e+10
2.067456e+10
2.268322e+10
2.488703e+10
2.730496e+10
2.995781e+10
3.286840e+10
3.606177e+10
3.956539e+10
4.340941e+10
4.762690e+10
5.225415e+10
5.733097e+10
6.290102e+10
6.901225e+10
7.571721e+10
8.307361e+10
9.114473e+10
1.000000e+11
