9.909185e+08
1.154656e+09
1.345806e+09
1.568997e+09
1.829639e+09
2.134062e+09
2.489669e+09
2.905117e+09
3.390533e+09
3.957764e+09
4.620666e+09
5.395450e+09
6.301089e+09
7.359785e+09
8.597532e+09
1.004478e+10
1.102828e+10
1.210866e+10
1.329553e+10
1.459948e+10
1.603217e+10
1.760644e+10
1.933646e+10
2.123786e+10
2.332789e+10
2.562563e+10
2.815218e+10
3.093089e+10
3.398768e+10
3.735130e+10
4.105373e+10
4.513061e+10
4.962170e+10
5.457145e+10
6.002969e+10
6.605237e+10
7.270244e+10
8.005091e+10
8.817793e+10
9.717409e+10
1.071417e+11
1.181961e+11
1.304662e+11
1.440951e+11
1.592382e+11
1.760586e+11
1.947195e+11
2.153707e+11
2.381357e+11
2.631108e+11
2.904134e+11
3.203412e+11
3.537552e+11
3.929995e+11
4.446518e+11
5.287629e+11
6.691608e+11
8.322311e+11
1.004262e+12
1.187277e+12
1.382801e+12
1.591903e+12
1.815621e+12
2.055095e+12
2.311605e+12
2.586604e+12
2.881733e+12
3.198846e+12
3.540028e+12
3.907614e+12
4.304216e+12
4.732751e+12
5.196469e+12
5.699001e+12
6.244400e+12
6.837200e+12
7.482484e+12
8.185960e+12
8.954057e+12
9.794033e+12
1.071411e+13
1.172361e+13
1.283316e+13
1.405490e+13
1.540273e+13
1.689260e+13
1.854283e+13
2.037453e+13
2.241196e+13
2.468292e+13
2.721909e+13
3.005615e+13
3.323354e+13
3.679350e+13
4.077908e+13
4.523067e+13
5.018086e+13
5.564846e+13
6.163315e+13
6.811436e+13
7.505719e+13
8.242737e+13
9.021455e+13
9.846390e+13
1.001794e+14
1.010465e+14
1.019202e+14
1.028006e+14
1.036881e+14
1.045828e+14
1.054851e+14
1.063951e+14
1.073132e+14
1.082395e+14
1.091743e+14
1.101178e+14
1.110701e+14
1.120313e+14
1.130014e+14
1.139802e+14
1.149679e+14
1.159639e+14
1.169676e+14
1.179782e+14
1.189951e+14
1.200171e+14
1.210427e+14
1.220700e+14
1.230971e+14
1.241220e+14
1.251427e+14
1.261569e+14
1.271623e+14
1.281565e+14
1.291372e+14
1.301029e+14
1.310525e+14
1.319854e+14
1.329007e+14
1.337975e+14
1.346752e+14
1.355343e+14
1.363753e+14
1.371988e+14
1.380057e+14
1.387965e+14
1.395720e+14
1.403329e+14
1.410801e+14
1.418143e+14
1.425365e+14
1.432473e+14
1.439478e+14
1.446388e+14
1.453212e+14
1.459956e+14
1.466625e+14
1.473223e+14
1.479758e+14
1.486233e+14
1.492655e+14
1.499029e+14
1.505362e+14
1.511658e+14
1.517921e+14
1.524153e+14
1.530358e+14
1.536538e+14
1.542696e+14
1.548836e+14
1.554960e+14
1.561073e+14
1.567176e+14
1.573274e+14
1.579366e+14
1.585455e+14
1.591542e+14
1.597629e+14
1.603718e+14
1.609809e+14
1.615905e+14
1.622008e+14
1.628119e+14
1.634239e+14
1.640370e+14
1.646512e+14
1.652666e+14
1.658832e+14
1.665012e+14
1.671206e+14
1.677415e+14
1.683639e+14
1.689881e+14
1.696139e+14
1.702416e+14
1.708710e+14
1.715024e+14
1.721356e+14
1.727707e+14
1.734077e+14
1.740467e+14
1.746877e+14
1.753307e+14
1.759758e+14
1.766230e+14
1.772722e+14
1.779236e+14
1.785770e+14
1.792326e+14
1.798902e+14
1.805500e+14
1.812119e+14
1.818759e+14
1.825421e+14
1.832104e+14
1.838808e+14
1.845533e+14
1.852280e+14
1.859048e+14
1.865837e+14
1.872646e+14
1.879477e+14
1.886329e+14
1.893202e+14
1.900096e+14
1.907010e+14
1.913945e+14
1.920900e+14
1.927876e+14
1.934872e+14
1.941889e+14
1.948926e+14
1.955983e+14
1.963060e+14
1.970157e+14
1.977274e+14
1.984411e+14
1.991567e+14
1.998744e+14
2.005939e+14
2.013155e+14
2.020389e+14
2.027644e+14
2.034917e+14
2.042210e+14
2.049522e+14
2.056853e+14
2.064203e+14
2.071572e+14
2.078960e+14
2.086367e+14
2.093793e+14
2.101238e+14
2.108702e+14
2.116184e+14
2.123685e+14
2.131205e+14
2.138744e+14
2.146301e+14
2.153877e+14
2.161471e+14
2.169084e+14
2.176716e+14
2.184366e+14
2.192035e+14
2.199723e+14
2.207429e+14
2.215154e+14
2.222897e+14
2.230659e+14
2.238440e+14
2.246239e+14
2.254057e+14
2.261894e+14
2.269749e+14
2.277623e+14
2.285516e+14
2.293428e+14
2.301358e+14
2.309307e+14
2.317276e+14
2.325263e+14
2.333269e+14
2.341294e+14
2.349338e+14
2.357401e+14
2.365483e+14
2.373585e+14
2.381706e+14
2.389846e+14
2.398005e+14
2.406184e+14
2.414382e+14
2.422600e+14
2.430837e+14
2.439094e+14
2.447371e+14
2.455667e+14
2.463984e+14
2.472320e+14
2.480676e+14
2.489052e+14
2.497449e+14
2.505865e+14
2.514302e+14
2.522759e+14
2.531237e+14
2.539735e+14
2.548253e+14
2.556793e+14
2.565353e+14
2.573933e+14
2.582535e+14
2.591158e+14
2.599801e+14
2.608466e+14
2.617152e+14
2.625860e+14
2.634589e+14
2.643339e+14
2.652111e+14
2.660904e+14
2.669720e+14
2.678557e+14
2.687416e+14
2.696297e+14
2.705201e+14
2.714126e+14
2.723074e+14
2.732044e+14
2.741037e+14
2.750052e+14
2.759091e+14
2.768151e+14
2.777235e+14
2.786342e+14
2.795472e+14
2.804625e+14
2.813801e+14
2.823001e+14
2.832224e+14
2.841471e+14
2.850741e+14
2.860036e+14
2.869354e+14
2.878696e+14
2.888062e+14
2.897452e+14
2.906867e+14
2.916306e+14
2.925770e+14
2.935258e+14
2.944771e+14
2.954308e+14
2.963871e+14
2.973458e+14
2.983071e+14
2.992708e+14
3.008828e+14
3.074016e+14
3.140367e+14
3.207909e+14
3.276670e+14
3.346680e+14
3.417963e+14
3.490546e+14
3.564451e+14
3.639699e+14
3.716307e+14
3.794291e+14
3.873660e+14
3.954421e+14
4.036575e+14
4.120117e+14
4.205036e+14
4.291314e+14
4.378923e+14
4.467826e+14
4.557978e+14
4.649319e+14
4.741778e+14
4.835270e+14
4.929696e+14
5.024937e+14
5.120860e+14
5.217312e+14
5.314119e+14
5.411087e+14
5.508002e+14
5.604627e+14
5.700705e+14
5.795959e+14
5.890091e+14
5.982790e+14
6.073731e+14
6.162581e+14
6.249004e+14
6.332668e+14
6.413251e+14
6.490453e+14
6.563999e+14
6.633652e+14
6.699216e+14
6.760549e+14
6.817559e+14
6.870215e+14
6.918540e+14
6.962615e+14
7.002570e+14
7.038576e+14
7.070844e+14
7.099610e+14
7.125127e+14
7.147659e+14
7.167472e+14
7.184829e+14
7.199981e+14
7.213169e+14
7.224615e+14
7.234525e+14
7.243087e+14
7.250471e+14
7.256828e+14
7.262293e+14
7.266985e+14
7.271010e+14
7.274459e+14
7.277413e+14
7.279940e+14
7.282100e+14
7.283947e+14
7.285525e+14
7.286873e+14
7.288023e+14
7.289005e+14
7.289843e+14
7.290558e+14
7.291168e+14
7.291688e+14
7.292131e+14
7.292509e+14
7.292832e+14
7.293107e+14
7.293341e+14
7.293541e+14
7.293711e+14
7.293856e+14
7.293980e+14
7.294085e+14
7.294175e+14
7.294252e+14
7.294317e+14
7.294372e+14
7.294420e+14
7.294460e+14
7.294495e+14
7.294524e+14
7.294549e+14
7.294570e+14
7.294588e+14
7.294604e+14
7.294617e+14
7.294628e+14
7.294638e+14
7.294646e+14
7.294653e+14
7.294659e+14
7.294664e+14
7.294668e+14
7.294672e+14
7.294675e+14
7.294678e+14
7.294680e+14
7.294682e+14
7.294683e+14
7.294685e+14
7.294686e+14
7.294687e+14
7.294688e+14
7.294689e+14
7.294693e+14
