 5.0003194e+03   4.9898488e+08
 2.9725589e+05   4.9973352e+08
 5.0003194e+03   4.9898488e+08
 2.9725589e+05   4.9973352e+08
 5.0003194e+03   4.9898488e+08
 2.9725589e+05   4.9973352e+08
 5.0003194e+03   4.9898488e+08
 2.9725589e+05   4.9973352e+08
 4.1654790e+05   5.0024150e+08
 4.1654790e+05   5.0024150e+08
 4.1654790e+05   5.0024150e+08
 4.1654790e+05   5.0024150e+08
 5.0542851e+05   5.0074079e+08
 5.0542851e+05   5.0074079e+08
 5.0542851e+05   5.0074079e+08
 5.0542851e+05   5.0074079e+08
 5.7806320e+05   5.0125830e+08
 5.7806320e+05   5.0125830e+08
 5.7806320e+05   5.0125830e+08
 5.7806320e+05   5.0125830e+08
 6.3979527e+05   5.0181800e+08
 6.3979527e+05   5.0181800e+08
 6.3979527e+05   5.0181800e+08
 6.3979527e+05   5.0181800e+08
 6.9362747e+05   5.0244686e+08
 6.9362747e+05   5.0244686e+08
 6.9362747e+05   5.0244686e+08
 6.9362747e+05   5.0244686e+08
 7.4132022e+05   5.0317203e+08
 7.4132022e+05   5.0317203e+08
 7.4132022e+05   5.0317203e+08
 7.4132022e+05   5.0317203e+08
 7.8375600e+05   5.0401461e+08
 7.8375600e+05   5.0401461e+08
 7.8375600e+05   5.0401461e+08
 7.8375600e+05   5.0401461e+08
 8.2193599e+05   5.0500156e+08
 8.2193599e+05   5.0500156e+08
 8.2193599e+05   5.0500156e+08
 8.2193599e+05   5.0500156e+08
 8.5646588e+05   5.0615621e+08
 8.5646588e+05   5.0615621e+08
 8.5646588e+05   5.0615621e+08
 8.5646588e+05   5.0615621e+08
 8.8756463e+05   5.0748855e+08
 8.8756463e+05   5.0748855e+08
 8.8756463e+05   5.0748855e+08
 8.8756463e+05   5.0748855e+08
 9.1575303e+05   5.0901884e+08
 9.1575303e+05   5.0901884e+08
 9.1575303e+05   5.0901884e+08
 9.1575303e+05   5.0901884e+08
 9.4133074e+05   5.1076039e+08
 9.4133074e+05   5.1076039e+08
 9.4133074e+05   5.1076039e+08
 9.4133074e+05   5.1076039e+08
 9.6452678e+05   5.1272189e+08
 9.6452678e+05   5.1272189e+08
 9.6452678e+05   5.1272189e+08
 9.6452678e+05   5.1272189e+08
 9.8554337e+05   5.1490871e+08
 9.8554337e+05   5.1490871e+08
 9.8554337e+05   5.1490871e+08
 9.8554337e+05   5.1490871e+08
 1.0044896e+06   5.1731264e+08
 1.0044896e+06   5.1731264e+08
 1.0044896e+06   5.1731264e+08
 1.0044896e+06   5.1731264e+08
 1.0216191e+06   5.1994102e+08
 1.0216191e+06   5.1994102e+08
 1.0216191e+06   5.1994102e+08
 1.0216191e+06   5.1994102e+08
 1.0370807e+06   5.2278953e+08
 1.0370807e+06   5.2278953e+08
 1.0370807e+06   5.2278953e+08
 1.0370807e+06   5.2278953e+08
 1.0510122e+06   5.2585107e+08
 1.0510122e+06   5.2585107e+08
 1.0510122e+06   5.2585107e+08
 1.0510122e+06   5.2585107e+08
 1.0635798e+06   5.2912582e+08
 1.0635798e+06   5.2912582e+08
 1.0635798e+06   5.2912582e+08
 1.0635798e+06   5.2912582e+08
 1.0748243e+06   5.3258029e+08
 1.0748243e+06   5.3258029e+08
 1.0748243e+06   5.3258029e+08
 1.0748243e+06   5.3258029e+08
 1.0849056e+06   5.3620955e+08
 1.0849056e+06   5.3620955e+08
 1.0849056e+06   5.3620955e+08
 1.0849056e+06   5.3620955e+08
 1.0939324e+06   5.4000064e+08
 1.0939324e+06   5.4000064e+08
 1.0939324e+06   5.4000064e+08
 1.0939324e+06   5.4000064e+08
 1.1020088e+06   5.4392839e+08
 1.1020088e+06   5.4392839e+08
 1.1020088e+06   5.4392839e+08
 1.1020088e+06   5.4392839e+08
 1.1092305e+06   5.4795213e+08
 1.1092305e+06   5.4795213e+08
 1.1092305e+06   5.4795213e+08
 1.1092305e+06   5.4795213e+08
 1.1156888e+06   5.5200807e+08
 1.1156888e+06   5.5200807e+08
 1.1156888e+06   5.5200807e+08
 1.1156888e+06   5.5200807e+08
 1.1214679e+06   5.5652960e+08
 1.1214679e+06   5.5652960e+08
 1.1214679e+06   5.5652960e+08
 1.1214679e+06   5.5652960e+08
 1.1266464e+06   5.6101506e+08
 1.1266464e+06   5.6101506e+08
 1.1266464e+06   5.6101506e+08
 1.1266464e+06   5.6101506e+08
 1.1312958e+06   5.6547513e+08
 1.1312958e+06   5.6547513e+08
 1.1312958e+06   5.6547513e+08
 1.1312958e+06   5.6547513e+08
 1.1354835e+06   5.6992382e+08
 1.1354835e+06   5.6992382e+08
 1.1354835e+06   5.6992382e+08
 1.1354835e+06   5.6992382e+08
 1.1392663e+06   5.7437163e+08
 1.1392663e+06   5.7437163e+08
 1.1392663e+06   5.7437163e+08
 1.1392663e+06   5.7437163e+08
 1.1426910e+06   5.7882470e+08
 1.1426910e+06   5.7882470e+08
 1.1426910e+06   5.7882470e+08
 1.1426910e+06   5.7882470e+08
 1.1457852e+06   5.8326861e+08
 1.1457852e+06   5.8326861e+08
 1.1457852e+06   5.8326861e+08
 1.1457852e+06   5.8326861e+08
 1.1485492e+06   5.8764606e+08
 1.1485492e+06   5.8764606e+08
 1.1485492e+06   5.8764606e+08
 1.1485492e+06   5.8764606e+08
 1.1509533e+06   5.9183604e+08
 1.1509533e+06   5.9183604e+08
 1.1509533e+06   5.9183604e+08
 1.1509533e+06   5.9183604e+08
 1.1529554e+06   6.1653050e+08
 1.1529554e+06   6.1653050e+08
 1.1529554e+06   6.1653050e+08
 1.1529554e+06   6.1653050e+08
 1.1545487e+06   6.3627375e+08
 1.1545487e+06   6.3627375e+08
 1.1545487e+06   6.3627375e+08
 1.1545487e+06   6.3627375e+08
 1.1557993e+06   6.5198928e+08
 1.1557993e+06   6.5198928e+08
 1.1557993e+06   6.5198928e+08
 1.1557993e+06   6.5198928e+08
 1.1568239e+06   6.6515043e+08
 1.1568239e+06   6.6515043e+08
 1.1568239e+06   6.6515043e+08
 1.1568239e+06   6.6515043e+08
 1.1577327e+06   6.7720013e+08
 1.1577327e+06   6.7720013e+08
 1.1577327e+06   6.7720013e+08
 1.1577327e+06   6.7720013e+08
 1.1585946e+06   6.8917499e+08
 1.1585946e+06   6.8917499e+08
 1.1585946e+06   6.8917499e+08
 1.1585946e+06   6.8917499e+08
 1.1594392e+06   7.0146336e+08
 1.1594392e+06   7.0146336e+08
 1.1594392e+06   7.0146336e+08
 1.1594392e+06   7.0146336e+08
 1.1602731e+06   7.1414173e+08
 1.1602731e+06   7.1414173e+08
 1.1602731e+06   7.1414173e+08
 1.1602731e+06   7.1414173e+08
 1.1610938e+06   7.2715220e+08
 1.1610938e+06   7.2715220e+08
 1.1610938e+06   7.2715220e+08
 1.1610938e+06   7.2715220e+08
 1.1618896e+06   7.4028284e+08
 1.1618896e+06   7.4028284e+08
 1.1618896e+06   7.4028284e+08
 1.1618896e+06   7.4028284e+08
 1.1626717e+06   7.5369484e+08
 1.1626717e+06   7.5369484e+08
 1.1626717e+06   7.5369484e+08
 1.1626717e+06   7.5369484e+08
 1.1634310e+06   7.6720307e+08
 1.1634310e+06   7.6720307e+08
 1.1634310e+06   7.6720307e+08
 1.1634310e+06   7.6720307e+08
 1.1641686e+06   7.8079691e+08
 1.1641686e+06   7.8079691e+08
 1.1641686e+06   7.8079691e+08
 1.1641686e+06   7.8079691e+08
 1.1648842e+06   7.9443090e+08
 1.1648842e+06   7.9443090e+08
 1.1648842e+06   7.9443090e+08
 1.1648842e+06   7.9443090e+08
 1.1655780e+06   8.0808060e+08
 1.1655780e+06   8.0808060e+08
 1.1655780e+06   8.0808060e+08
 1.1655780e+06   8.0808060e+08
 1.1662559e+06   8.2182789e+08
 1.1662559e+06   8.2182789e+08
 1.1662559e+06   8.2182789e+08
 1.1662559e+06   8.2182789e+08
 1.1669115e+06   8.3551596e+08
 1.1669115e+06   8.3551596e+08
 1.1669115e+06   8.3551596e+08
 1.1669115e+06   8.3551596e+08
 1.1675594e+06   8.4940985e+08
 1.1675594e+06   8.4940985e+08
 1.1675594e+06   8.4940985e+08
 1.1675594e+06   8.4940985e+08
 1.1681846e+06   8.6315511e+08
 1.1681846e+06   8.6315511e+08
 1.1681846e+06   8.6315511e+08
 1.1681846e+06   8.6315511e+08
 1.1688093e+06   8.7720436e+08
 1.1688093e+06   8.7720436e+08
 1.1688093e+06   8.7720436e+08
 1.1688093e+06   8.7720436e+08
 1.1694120e+06   8.9103665e+08
 1.1694120e+06   8.9103665e+08
 1.1694120e+06   8.9103665e+08
 1.1694120e+06   8.9103665e+08
 1.1700150e+06   9.0513035e+08
 1.1700150e+06   9.0513035e+08
 1.1700150e+06   9.0513035e+08
 1.1700150e+06   9.0513035e+08
 1.1706060e+06   9.1916003e+08
 1.1706060e+06   9.1916003e+08
 1.1706060e+06   9.1916003e+08
 1.1706060e+06   9.1916003e+08
 1.1711934e+06   9.3328119e+08
 1.1711934e+06   9.3328119e+08
 1.1711934e+06   9.3328119e+08
 1.1711934e+06   9.3328119e+08
 1.1717764e+06   9.4742832e+08
 1.1717764e+06   9.4742832e+08
 1.1717764e+06   9.4742832e+08
 1.1717764e+06   9.4742832e+08
 1.1723539e+06   9.6152950e+08
 1.1723539e+06   9.6152950e+08
 1.1723539e+06   9.6152950e+08
 1.1723539e+06   9.6152950e+08
 1.1729308e+06   9.7565629e+08
 1.1729308e+06   9.7565629e+08
 1.1729308e+06   9.7565629e+08
 1.1729308e+06   9.7565629e+08
 1.1735024e+06   9.8964318e+08
 1.1735024e+06   9.8964318e+08
 1.1735024e+06   9.8964318e+08
 1.1735024e+06   9.8964318e+08
 1.1740744e+06   1.0035742e+09
 1.1740744e+06   1.0035742e+09
 1.1740744e+06   1.0035742e+09
 1.1740744e+06   1.0035742e+09
 1.1746432e+06   1.0173129e+09
 1.1746432e+06   1.0173129e+09
 1.1746432e+06   1.0173129e+09
 1.1746432e+06   1.0173129e+09
 1.1752118e+06   1.0308629e+09
 1.1752118e+06   1.0308629e+09
 1.1752118e+06   1.0308629e+09
 1.1752118e+06   1.0308629e+09
 1.1757792e+06   1.0441534e+09
 1.1757792e+06   1.0441534e+09
 1.1757792e+06   1.0441534e+09
 1.1757792e+06   1.0441534e+09
 1.1763458e+06   1.0571260e+09
 1.1763458e+06   1.0571260e+09
 1.1763458e+06   1.0571260e+09
 1.1763458e+06   1.0571260e+09
 1.1769119e+06   1.0697453e+09
 1.1769119e+06   1.0697453e+09
 1.1769119e+06   1.0697453e+09
 1.1769119e+06   1.0697453e+09
 1.1774769e+06   1.0819325e+09
 1.1774769e+06   1.0819325e+09
 1.1774769e+06   1.0819325e+09
 1.1774769e+06   1.0819325e+09
 1.1780420e+06   1.0936719e+09
 1.1780420e+06   1.0936719e+09
 1.1780420e+06   1.0936719e+09
 1.1780420e+06   1.0936719e+09
 1.1786051e+06   1.1048700e+09
 1.1786051e+06   1.1048700e+09
 1.1786051e+06   1.1048700e+09
 1.1786051e+06   1.1048700e+09
 1.1791685e+06   1.1155303e+09
 1.1791685e+06   1.1155303e+09
 1.1791685e+06   1.1155303e+09
 1.1791685e+06   1.1155303e+09
 1.1797297e+06   1.1255695e+09
 1.1797297e+06   1.1255695e+09
 1.1797297e+06   1.1255695e+09
 1.1797297e+06   1.1255695e+09
 1.1802906e+06   1.1349937e+09
 1.1802906e+06   1.1349937e+09
 1.1802906e+06   1.1349937e+09
 1.1802906e+06   1.1349937e+09
 1.1808491e+06   1.1437463e+09
 1.1808491e+06   1.1437463e+09
 1.1808491e+06   1.1437463e+09
 1.1808491e+06   1.1437463e+09
 1.1814067e+06   1.1518301e+09
 1.1814067e+06   1.1518301e+09
 1.1814067e+06   1.1518301e+09
 1.1814067e+06   1.1518301e+09
 1.1819618e+06   1.1592200e+09
 1.1819618e+06   1.1592200e+09
 1.1819618e+06   1.1592200e+09
 1.1819618e+06   1.1592200e+09
 1.1825149e+06   1.1659162e+09
 1.1825149e+06   1.1659162e+09
 1.1825149e+06   1.1659162e+09
 1.1825149e+06   1.1659162e+09
 1.1830657e+06   1.1719241e+09
 1.1830657e+06   1.1719241e+09
 1.1830657e+06   1.1719241e+09
 1.1830657e+06   1.1719241e+09
 1.1836131e+06   1.1772422e+09
 1.1836131e+06   1.1772422e+09
 1.1836131e+06   1.1772422e+09
 1.1836131e+06   1.1772422e+09
 1.1841586e+06   1.1819012e+09
 1.1841586e+06   1.1819012e+09
 1.1841586e+06   1.1819012e+09
 1.1841586e+06   1.1819012e+09
 1.1846993e+06   1.1858998e+09
 1.1846993e+06   1.1858998e+09
 1.1846993e+06   1.1858998e+09
 1.1846993e+06   1.1858998e+09
 1.1852383e+06   1.1892863e+09
 1.1852383e+06   1.1892863e+09
 1.1852383e+06   1.1892863e+09
 1.1852383e+06   1.1892863e+09
 1.1857713e+06   1.1920633e+09
 1.1857713e+06   1.1920633e+09
 1.1857713e+06   1.1920633e+09
 1.1857713e+06   1.1920633e+09
 1.1863028e+06   1.1942863e+09
 1.1863028e+06   1.1942863e+09
 1.1863028e+06   1.1942863e+09
 1.1863028e+06   1.1942863e+09
 1.1868270e+06   1.1959653e+09
 1.1868270e+06   1.1959653e+09
 1.1868270e+06   1.1959653e+09
 1.1868270e+06   1.1959653e+09
 1.1873500e+06   1.1971541e+09
 1.1873500e+06   1.1971541e+09
 1.1873500e+06   1.1971541e+09
 1.1873500e+06   1.1971541e+09
 1.1878646e+06   1.1978720e+09
 1.1878646e+06   1.1978720e+09
 1.1878646e+06   1.1978720e+09
 1.1878646e+06   1.1978720e+09
 1.1883779e+06   1.1981640e+09
 1.1883779e+06   1.1981640e+09
 1.1883779e+06   1.1981640e+09
 1.1883779e+06   1.1981640e+09
 1.1888821e+06   1.1980600e+09
 1.1888821e+06   1.1980600e+09
 1.1888821e+06   1.1980600e+09
 1.1888821e+06   1.1980600e+09
 1.1893850e+06   1.1975914e+09
 1.1893850e+06   1.1975914e+09
 1.1893850e+06   1.1975914e+09
 1.1893850e+06   1.1975914e+09
 1.1898779e+06   1.1967983e+09
 1.1898779e+06   1.1967983e+09
 1.1898779e+06   1.1967983e+09
 1.1898779e+06   1.1967983e+09
 1.1903696e+06   1.1956965e+09
 1.1903696e+06   1.1956965e+09
 1.1903696e+06   1.1956965e+09
 1.1903696e+06   1.1956965e+09
 1.1908508e+06   1.1943405e+09
 1.1908508e+06   1.1943405e+09
 1.1908508e+06   1.1943405e+09
 1.1908508e+06   1.1943405e+09
 1.1913305e+06   1.1927496e+09
 1.1913305e+06   1.1927496e+09
 1.1913305e+06   1.1927496e+09
 1.1913305e+06   1.1927496e+09
 1.1917993e+06   1.1909941e+09
 1.1917993e+06   1.1909941e+09
 1.1917993e+06   1.1909941e+09
 1.1917993e+06   1.1909941e+09
 1.1922666e+06   1.1890613e+09
 1.1922666e+06   1.1890613e+09
 1.1922666e+06   1.1890613e+09
 1.1922666e+06   1.1890613e+09
 1.1927226e+06   1.1870114e+09
 1.1927226e+06   1.1870114e+09
 1.1927226e+06   1.1870114e+09
 1.1927226e+06   1.1870114e+09
 1.1931769e+06   1.1848180e+09
 1.1931769e+06   1.1848180e+09
 1.1931769e+06   1.1848180e+09
 1.1931769e+06   1.1848180e+09
 1.1936197e+06   1.1825450e+09
 1.1936197e+06   1.1825450e+09
 1.1936197e+06   1.1825450e+09
 1.1936197e+06   1.1825450e+09
 1.1940608e+06   1.1801555e+09
 1.1940608e+06   1.1801555e+09
 1.1940608e+06   1.1801555e+09
 1.1940608e+06   1.1801555e+09
 1.1944901e+06   1.1777169e+09
 1.1944901e+06   1.1777169e+09
 1.1944901e+06   1.1777169e+09
 1.1944901e+06   1.1777169e+09
 1.1949177e+06   1.1751821e+09
 1.1949177e+06   1.1751821e+09
 1.1949177e+06   1.1751821e+09
 1.1949177e+06   1.1751821e+09
 1.1953332e+06   1.1726230e+09
 1.1953332e+06   1.1726230e+09
 1.1953332e+06   1.1726230e+09
 1.1953332e+06   1.1726230e+09
 1.1957473e+06   1.1699819e+09
 1.1957473e+06   1.1699819e+09
 1.1957473e+06   1.1699819e+09
 1.1957473e+06   1.1699819e+09
 1.1961489e+06   1.1673372e+09
 1.1961489e+06   1.1673372e+09
 1.1961489e+06   1.1673372e+09
 1.1961489e+06   1.1673372e+09
 1.1965495e+06   1.1646188e+09
 1.1965495e+06   1.1646188e+09
 1.1965495e+06   1.1646188e+09
 1.1965495e+06   1.1646188e+09
 1.1969370e+06   1.1619154e+09
 1.1969370e+06   1.1619154e+09
 1.1969370e+06   1.1619154e+09
 1.1969370e+06   1.1619154e+09
 1.1973242e+06   1.1591422e+09
 1.1973242e+06   1.1591422e+09
 1.1973242e+06   1.1591422e+09
 1.1973242e+06   1.1591422e+09
 1.1976976e+06   1.1564029e+09
 1.1976976e+06   1.1564029e+09
 1.1976976e+06   1.1564029e+09
 1.1976976e+06   1.1564029e+09
 1.1980710e+06   1.1535986e+09
 1.1980710e+06   1.1535986e+09
 1.1980710e+06   1.1535986e+09
 1.1980710e+06   1.1535986e+09
 1.1984309e+06   1.1508359e+09
 1.1984309e+06   1.1508359e+09
 1.1984309e+06   1.1508359e+09
 1.1984309e+06   1.1508359e+09
 1.1987901e+06   1.1480203e+09
 1.1987901e+06   1.1480203e+09
 1.1987901e+06   1.1480203e+09
 1.1987901e+06   1.1480203e+09
 1.1991374e+06   1.1452428e+09
 1.1991374e+06   1.1452428e+09
 1.1991374e+06   1.1452428e+09
 1.1991374e+06   1.1452428e+09
 1.1994825e+06   1.1424301e+09
 1.1994825e+06   1.1424301e+09
 1.1994825e+06   1.1424301e+09
 1.1994825e+06   1.1424301e+09
 1.1998178e+06   1.1396452e+09
 1.1998178e+06   1.1396452e+09
 1.1998178e+06   1.1396452e+09
 1.1998178e+06   1.1396452e+09
 1.2001486e+06   1.1368478e+09
 1.2001486e+06   1.1368478e+09
 1.2001486e+06   1.1368478e+09
 1.2001486e+06   1.1368478e+09
 1.2004727e+06   1.1340599e+09
 1.2004727e+06   1.1340599e+09
 1.2004727e+06   1.1340599e+09
 1.2004727e+06   1.1340599e+09
 1.2007895e+06   1.1312881e+09
 1.2007895e+06   1.1312881e+09
 1.2007895e+06   1.1312881e+09
 1.2007895e+06   1.1312881e+09
 1.2011032e+06   1.1284988e+09
 1.2011032e+06   1.1284988e+09
 1.2011032e+06   1.1284988e+09
 1.2011032e+06   1.1284988e+09
 1.2014061e+06   1.1257619e+09
 1.2014061e+06   1.1257619e+09
 1.2014061e+06   1.1257619e+09
 1.2014061e+06   1.1257619e+09
 1.2017091e+06   1.1229817e+09
 1.2017091e+06   1.1229817e+09
 1.2017091e+06   1.1229817e+09
 1.2017091e+06   1.1229817e+09
 1.2019996e+06   1.1202759e+09
 1.2019996e+06   1.1202759e+09
 1.2019996e+06   1.1202759e+09
 1.2019996e+06   1.1202759e+09
 1.2022889e+06   1.1175417e+09
 1.2022889e+06   1.1175417e+09
 1.2022889e+06   1.1175417e+09
 1.2022889e+06   1.1175417e+09
 1.2025714e+06   1.1148333e+09
 1.2025714e+06   1.1148333e+09
 1.2025714e+06   1.1148333e+09
 1.2025714e+06   1.1148333e+09
 1.2028473e+06   1.1121517e+09
 1.2028473e+06   1.1121517e+09
 1.2028473e+06   1.1121517e+09
 1.2028473e+06   1.1121517e+09
 1.2031232e+06   1.1094336e+09
 1.2031232e+06   1.1094336e+09
 1.2031232e+06   1.1094336e+09
 1.2031232e+06   1.1094336e+09
 1.2033860e+06   1.1068102e+09
 1.2033860e+06   1.1068102e+09
 1.2033860e+06   1.1068102e+09
 1.2033860e+06   1.1068102e+09
 1.2036489e+06   1.1041526e+09
 1.2036489e+06   1.1041526e+09
 1.2036489e+06   1.1041526e+09
 1.2036489e+06   1.1041526e+09
 1.2039069e+06   1.1015121e+09
 1.2039069e+06   1.1015121e+09
 1.2039069e+06   1.1015121e+09
 1.2039069e+06   1.1015121e+09
 1.2041570e+06   1.0989201e+09
 1.2041570e+06   1.0989201e+09
 1.2041570e+06   1.0989201e+09
 1.2041570e+06   1.0989201e+09
 1.2044073e+06   1.0962969e+09
 1.2044073e+06   1.0962969e+09
 1.2044073e+06   1.0962969e+09
 1.2044073e+06   1.0962969e+09
 1.2046497e+06   1.0937259e+09
 1.2046497e+06   1.0937259e+09
 1.2046497e+06   1.0937259e+09
 1.2046497e+06   1.0937259e+09
 1.2048877e+06   1.0911746e+09
 1.2048877e+06   1.0911746e+09
 1.2048877e+06   1.0911746e+09
 1.2048877e+06   1.0911746e+09
 1.2051257e+06   1.0885950e+09
 1.2051257e+06   1.0885950e+09
 1.2051257e+06   1.0885950e+09
 1.2051257e+06   1.0885950e+09
 1.2053553e+06   1.0860797e+09
 1.2053553e+06   1.0860797e+09
 1.2053553e+06   1.0860797e+09
 1.2053553e+06   1.0860797e+09
 1.2055815e+06   1.0835771e+09
 1.2055815e+06   1.0835771e+09
 1.2055815e+06   1.0835771e+09
 1.2055815e+06   1.0835771e+09
 1.2058078e+06   1.0810492e+09
 1.2058078e+06   1.0810492e+09
 1.2058078e+06   1.0810492e+09
 1.2058078e+06   1.0810492e+09
 1.2060275e+06   1.0785707e+09
 1.2060275e+06   1.0785707e+09
 1.2060275e+06   1.0785707e+09
 1.2060275e+06   1.0785707e+09
 1.2062425e+06   1.0761241e+09
 1.2062425e+06   1.0761241e+09
 1.2062425e+06   1.0761241e+09
 1.2062425e+06   1.0761241e+09
 1.2064575e+06   1.0736555e+09
 1.2064575e+06   1.0736555e+09
 1.2064575e+06   1.0736555e+09
 1.2064575e+06   1.0736555e+09
 1.2066704e+06   1.0711886e+09
 1.2066704e+06   1.0711886e+09
 1.2066704e+06   1.0711886e+09
 1.2066704e+06   1.0711886e+09
 1.2068745e+06   1.0688063e+09
 1.2068745e+06   1.0688063e+09
 1.2068745e+06   1.0688063e+09
 1.2068745e+06   1.0688063e+09
 1.2070785e+06   1.0664052e+09
 1.2070785e+06   1.0664052e+09
 1.2070785e+06   1.0664052e+09
 1.2070785e+06   1.0664052e+09
 1.2072826e+06   1.0639852e+09
 1.2072826e+06   1.0639852e+09
 1.2072826e+06   1.0639852e+09
 1.2072826e+06   1.0639852e+09
 1.2074815e+06   1.0616094e+09
 1.2074815e+06   1.0616094e+09
 1.2074815e+06   1.0616094e+09
 1.2074815e+06   1.0616094e+09
 1.2076743e+06   1.0592907e+09
 1.2076743e+06   1.0592907e+09
 1.2076743e+06   1.0592907e+09
 1.2076743e+06   1.0592907e+09
 1.2078671e+06   1.0569569e+09
 1.2078671e+06   1.0569569e+09
 1.2078671e+06   1.0569569e+09
 1.2078671e+06   1.0569569e+09
 1.2080600e+06   1.0546082e+09
 1.2080600e+06   1.0546082e+09
 1.2080600e+06   1.0546082e+09
 1.2080600e+06   1.0546082e+09
 1.2082494e+06   1.0522875e+09
 1.2082494e+06   1.0522875e+09
 1.2082494e+06   1.0522875e+09
 1.2082494e+06   1.0522875e+09
 1.2084301e+06   1.0500627e+09
 1.2084301e+06   1.0500627e+09
 1.2084301e+06   1.0500627e+09
 1.2084301e+06   1.0500627e+09
 1.2086108e+06   1.0478269e+09
 1.2086108e+06   1.0478269e+09
 1.2086108e+06   1.0478269e+09
 1.2086108e+06   1.0478269e+09
 1.2087915e+06   1.0455803e+09
 1.2087915e+06   1.0455803e+09
 1.2087915e+06   1.0455803e+09
 1.2087915e+06   1.0455803e+09
 1.2089723e+06   1.0433233e+09
 1.2089723e+06   1.0433233e+09
 1.2089723e+06   1.0433233e+09
 1.2089723e+06   1.0433233e+09
 1.2091559e+06   1.0410207e+09
 1.2091559e+06   1.0410207e+09
 1.2091559e+06   1.0410207e+09
 1.2091559e+06   1.0410207e+09
 1.2093434e+06   1.0386633e+09
 1.2093434e+06   1.0386633e+09
 1.2093434e+06   1.0386633e+09
 1.2093434e+06   1.0386633e+09
 1.2095308e+06   1.0362990e+09
 1.2095308e+06   1.0362990e+09
 1.2095308e+06   1.0362990e+09
 1.2095308e+06   1.0362990e+09
 1.2097183e+06   1.0339281e+09
 1.2097183e+06   1.0339281e+09
 1.2097183e+06   1.0339281e+09
 1.2097183e+06   1.0339281e+09
 1.2099058e+06   1.0315507e+09
 1.2099058e+06   1.0315507e+09
 1.2099058e+06   1.0315507e+09
 1.2099058e+06   1.0315507e+09
 1.2101110e+06   1.0289428e+09
 1.2101110e+06   1.0289428e+09
 1.2101110e+06   1.0289428e+09
 1.2101110e+06   1.0289428e+09
 1.2103899e+06   1.0253982e+09
 1.2103899e+06   1.0253982e+09
 1.2103899e+06   1.0253982e+09
 1.2103899e+06   1.0253982e+09
 1.2106688e+06   1.0218536e+09
 1.2106688e+06   1.0218536e+09
 1.2106688e+06   1.0218536e+09
 1.2106688e+06   1.0218536e+09
 1.2109478e+06   1.0183095e+09
 1.2109478e+06   1.0183095e+09
 1.2109478e+06   1.0183095e+09
 1.2109478e+06   1.0183095e+09
 1.2112686e+06   1.0142661e+09
 1.2112686e+06   1.0142661e+09
 1.2112686e+06   1.0142661e+09
 1.2112686e+06   1.0142661e+09
 1.2116708e+06   1.0094769e+09
 1.2116708e+06   1.0094769e+09
 1.2116708e+06   1.0094769e+09
 1.2116708e+06   1.0094769e+09
 1.2120730e+06   1.0050455e+09
 1.2120730e+06   1.0050455e+09
 1.2120730e+06   1.0050455e+09
 1.2120730e+06   1.0050455e+09
 1.2125155e+06   1.0004708e+09
 1.2125155e+06   1.0004708e+09
 1.2125155e+06   1.0004708e+09
 1.2125155e+06   1.0004708e+09
 1.2129857e+06   9.9564075e+08
 1.2129857e+06   9.9564075e+08
 1.2129857e+06   9.9564075e+08
 1.2129857e+06   9.9564075e+08
 1.2134612e+06   9.9076549e+08
 1.2134612e+06   9.9076549e+08
 1.2134612e+06   9.9076549e+08
 1.2134612e+06   9.9076549e+08
 1.2139522e+06   9.8574748e+08
 1.2139522e+06   9.8574748e+08
 1.2139522e+06   9.8574748e+08
 1.2139522e+06   9.8574748e+08
 1.2144432e+06   9.8074685e+08
 1.2144432e+06   9.8074685e+08
 1.2144432e+06   9.8074685e+08
 1.2144432e+06   9.8074685e+08
 1.2149308e+06   9.7579849e+08
 1.2149308e+06   9.7579849e+08
 1.2149308e+06   9.7579849e+08
 1.2149308e+06   9.7579849e+08
 1.2154186e+06   9.7086597e+08
 1.2154186e+06   9.7086597e+08
 1.2154186e+06   9.7086597e+08
 1.2154186e+06   9.7086597e+08
 1.2158958e+06   9.6605755e+08
 1.2158958e+06   9.6605755e+08
 1.2158958e+06   9.6605755e+08
 1.2158958e+06   9.6605755e+08
 1.2163714e+06   9.6128045e+08
 1.2163714e+06   9.6128045e+08
 1.2163714e+06   9.6128045e+08
 1.2163714e+06   9.6128045e+08
 1.2168383e+06   9.5660770e+08
 1.2168383e+06   9.5660770e+08
 1.2168383e+06   9.5660770e+08
 1.2168383e+06   9.5660770e+08
 1.2173009e+06   9.5199266e+08
 1.2173009e+06   9.5199266e+08
 1.2173009e+06   9.5199266e+08
 1.2173009e+06   9.5199266e+08
 1.2177585e+06   9.4744262e+08
 1.2177585e+06   9.4744262e+08
 1.2177585e+06   9.4744262e+08
 1.2177585e+06   9.4744262e+08
 1.2182100e+06   9.4296802e+08
 1.2182100e+06   9.4296802e+08
 1.2182100e+06   9.4296802e+08
 1.2182100e+06   9.4296802e+08
 1.2186597e+06   9.3852606e+08
 1.2186597e+06   9.3852606e+08
 1.2186597e+06   9.3852606e+08
 1.2186597e+06   9.3852606e+08
 1.2191024e+06   9.3416752e+08
 1.2191024e+06   9.3416752e+08
 1.2191024e+06   9.3416752e+08
 1.2191024e+06   9.3416752e+08
 1.2195452e+06   9.2982237e+08
 1.2195452e+06   9.2982237e+08
 1.2195452e+06   9.2982237e+08
 1.2195452e+06   9.2982237e+08
 1.2199812e+06   9.2556006e+08
 1.2199812e+06   9.2556006e+08
 1.2199812e+06   9.2556006e+08
 1.2199812e+06   9.2556006e+08
 1.2204171e+06   9.2131366e+08
 1.2204171e+06   9.2131366e+08
 1.2204171e+06   9.2131366e+08
 1.2204171e+06   9.2131366e+08
 1.2208487e+06   9.1712532e+08
 1.2208487e+06   9.1712532e+08
 1.2208487e+06   9.1712532e+08
 1.2208487e+06   9.1712532e+08
 1.2212788e+06   9.1296785e+08
 1.2212788e+06   9.1296785e+08
 1.2212788e+06   9.1296785e+08
 1.2212788e+06   9.1296785e+08
 1.2217064e+06   9.0885276e+08
 1.2217064e+06   9.0885276e+08
 1.2217064e+06   9.0885276e+08
 1.2217064e+06   9.0885276e+08
 1.2221313e+06   9.0478059e+08
 1.2221313e+06   9.0478059e+08
 1.2221313e+06   9.0478059e+08
 1.2221313e+06   9.0478059e+08
 1.2225549e+06   9.0073974e+08
 1.2225549e+06   9.0073974e+08
 1.2225549e+06   9.0073974e+08
 1.2225549e+06   9.0073974e+08
 1.2229748e+06   8.9675346e+08
 1.2229748e+06   8.9675346e+08
 1.2229748e+06   8.9675346e+08
 1.2229748e+06   8.9675346e+08
 1.2233944e+06   8.9278924e+08
 1.2233944e+06   8.9278924e+08
 1.2233944e+06   8.9278924e+08
 1.2233944e+06   8.9278924e+08
 1.2238091e+06   8.8889202e+08
 1.2238091e+06   8.8889202e+08
 1.2238091e+06   8.8889202e+08
 1.2238091e+06   8.8889202e+08
 1.2242240e+06   8.8501484e+08
 1.2242240e+06   8.8501484e+08
 1.2242240e+06   8.8501484e+08
 1.2242240e+06   8.8501484e+08
 1.2246341e+06   8.8120429e+08
 1.2246341e+06   8.8120429e+08
 1.2246341e+06   8.8120429e+08
 1.2246341e+06   8.8120429e+08
 1.2250436e+06   8.7742219e+08
 1.2250436e+06   8.7742219e+08
 1.2250436e+06   8.7742219e+08
 1.2250436e+06   8.7742219e+08
 1.2254492e+06   8.7369992e+08
 1.2254492e+06   8.7369992e+08
 1.2254492e+06   8.7369992e+08
 1.2254492e+06   8.7369992e+08
 1.2258530e+06   8.7001744e+08
 1.2258530e+06   8.7001744e+08
 1.2258530e+06   8.7001744e+08
 1.2258530e+06   8.7001744e+08
 1.2262538e+06   8.6638744e+08
 1.2262538e+06   8.6638744e+08
 1.2262538e+06   8.6638744e+08
 1.2262538e+06   8.6638744e+08
 1.2266516e+06   8.6280845e+08
 1.2266516e+06   8.6280845e+08
 1.2266516e+06   8.6280845e+08
 1.2266516e+06   8.6280845e+08
 1.2270473e+06   8.5927425e+08
 1.2270473e+06   8.5927425e+08
 1.2270473e+06   8.5927425e+08
 1.2270473e+06   8.5927425e+08
 1.2274388e+06   8.5580200e+08
 1.2274388e+06   8.5580200e+08
 1.2274388e+06   8.5580200e+08
 1.2274388e+06   8.5580200e+08
 1.2278292e+06   8.5236665e+08
 1.2278292e+06   8.5236665e+08
 1.2278292e+06   8.5236665e+08
 1.2278292e+06   8.5236665e+08
 1.2282142e+06   8.4900370e+08
 1.2282142e+06   8.4900370e+08
 1.2282142e+06   8.4900370e+08
 1.2282142e+06   8.4900370e+08
 1.2285989e+06   8.4566965e+08
 1.2285989e+06   8.4566965e+08
 1.2285989e+06   8.4566965e+08
 1.2285989e+06   8.4566965e+08
 1.2289771e+06   8.4241780e+08
 1.2289771e+06   8.4241780e+08
 1.2289771e+06   8.4241780e+08
 1.2289771e+06   8.4241780e+08
 1.2293555e+06   8.3919147e+08
 1.2293555e+06   8.3919147e+08
 1.2293555e+06   8.3919147e+08
 1.2293555e+06   8.3919147e+08
 1.2297273e+06   8.3604733e+08
 1.2297273e+06   8.3604733e+08
 1.2297273e+06   8.3604733e+08
 1.2297273e+06   8.3604733e+08
 1.2300986e+06   8.3293332e+08
 1.2300986e+06   8.3293332e+08
 1.2300986e+06   8.3293332e+08
 1.2300986e+06   8.3293332e+08
 1.2304643e+06   8.2989407e+08
 1.2304643e+06   8.2989407e+08
 1.2304643e+06   8.2989407e+08
 1.2304643e+06   8.2989407e+08
 1.2308286e+06   8.2689270e+08
 1.2308286e+06   8.2689270e+08
 1.2308286e+06   8.2689270e+08
 1.2308286e+06   8.2689270e+08
 1.2311879e+06   8.2395863e+08
 1.2311879e+06   8.2395863e+08
 1.2311879e+06   8.2395863e+08
 1.2311879e+06   8.2395863e+08
 1.2315450e+06   8.2106960e+08
 1.2315450e+06   8.2106960e+08
 1.2315450e+06   8.2106960e+08
 1.2315450e+06   8.2106960e+08
 1.2318979e+06   8.1824047e+08
 1.2318979e+06   8.1824047e+08
 1.2318979e+06   8.1824047e+08
 1.2318979e+06   8.1824047e+08
 1.2322477e+06   8.1546292e+08
 1.2322477e+06   8.1546292e+08
 1.2322477e+06   8.1546292e+08
 1.2322477e+06   8.1546292e+08
 1.2325942e+06   8.1273806e+08
 1.2325942e+06   8.1273806e+08
 1.2325942e+06   8.1273806e+08
 1.2325942e+06   8.1273806e+08
 1.2329367e+06   8.1007062e+08
 1.2329367e+06   8.1007062e+08
 1.2329367e+06   8.1007062e+08
 1.2329367e+06   8.1007062e+08
 1.2332767e+06   8.0744890e+08
 1.2332767e+06   8.0744890e+08
 1.2332767e+06   8.0744890e+08
 1.2332767e+06   8.0744890e+08
 1.2336119e+06   8.0488974e+08
 1.2336119e+06   8.0488974e+08
 1.2336119e+06   8.0488974e+08
 1.2336119e+06   8.0488974e+08
 1.2339453e+06   8.0236969e+08
 1.2339453e+06   8.0236969e+08
 1.2339453e+06   8.0236969e+08
 1.2339453e+06   8.0236969e+08
 1.2342732e+06   7.9991659e+08
 1.2342732e+06   7.9991659e+08
 1.2342732e+06   7.9991659e+08
 1.2342732e+06   7.9991659e+08
 1.2346001e+06   7.9749601e+08
 1.2346001e+06   7.9749601e+08
 1.2346001e+06   7.9749601e+08
 1.2346001e+06   7.9749601e+08
 1.2349208e+06   7.9514582e+08
 1.2349208e+06   7.9514582e+08
 1.2349208e+06   7.9514582e+08
 1.2349208e+06   7.9514582e+08
 1.2352411e+06   7.9282181e+08
 1.2352411e+06   7.9282181e+08
 1.2352411e+06   7.9282181e+08
 1.2352411e+06   7.9282181e+08
 1.2355546e+06   7.9057103e+08
 1.2355546e+06   7.9057103e+08
 1.2355546e+06   7.9057103e+08
 1.2355546e+06   7.9057103e+08
 1.2358681e+06   7.8834267e+08
 1.2358681e+06   7.8834267e+08
 1.2358681e+06   7.8834267e+08
 1.2358681e+06   7.8834267e+08
 1.2361748e+06   7.8618538e+08
 1.2361748e+06   7.8618538e+08
 1.2361748e+06   7.8618538e+08
 1.2361748e+06   7.8618538e+08
 1.2364812e+06   7.8405156e+08
 1.2364812e+06   7.8405156e+08
 1.2364812e+06   7.8405156e+08
 1.2364812e+06   7.8405156e+08
 1.2367814e+06   7.8198158e+08
 1.2367814e+06   7.8198158e+08
 1.2367814e+06   7.8198158e+08
 1.2367814e+06   7.8198158e+08
 1.2370808e+06   7.7993832e+08
 1.2370808e+06   7.7993832e+08
 1.2370808e+06   7.7993832e+08
 1.2370808e+06   7.7993832e+08
 1.2373748e+06   7.7795199e+08
 1.2373748e+06   7.7795199e+08
 1.2373748e+06   7.7795199e+08
 1.2373748e+06   7.7795199e+08
 1.2376672e+06   7.7599516e+08
 1.2376672e+06   7.7599516e+08
 1.2376672e+06   7.7599516e+08
 1.2376672e+06   7.7599516e+08
 1.2379549e+06   7.7408864e+08
 1.2379549e+06   7.7408864e+08
 1.2379549e+06   7.7408864e+08
 1.2379549e+06   7.7408864e+08
 1.2382405e+06   7.7221399e+08
 1.2382405e+06   7.7221399e+08
 1.2382405e+06   7.7221399e+08
 1.2382405e+06   7.7221399e+08
 1.2385220e+06   7.7038333e+08
 1.2385220e+06   7.7038333e+08
 1.2385220e+06   7.7038333e+08
 1.2385220e+06   7.7038333e+08
 1.2388009e+06   7.6858650e+08
 1.2388009e+06   7.6858650e+08
 1.2388009e+06   7.6858650e+08
 1.2388009e+06   7.6858650e+08
 1.2390764e+06   7.6682765e+08
 1.2390764e+06   7.6682765e+08
 1.2390764e+06   7.6682765e+08
 1.2390764e+06   7.6682765e+08
 1.2393486e+06   7.6510423e+08
 1.2393486e+06   7.6510423e+08
 1.2393486e+06   7.6510423e+08
 1.2393486e+06   7.6510423e+08
 1.2396181e+06   7.6341308e+08
 1.2396181e+06   7.6341308e+08
 1.2396181e+06   7.6341308e+08
 1.2396181e+06   7.6341308e+08
 1.2398838e+06   7.6175864e+08
 1.2398838e+06   7.6175864e+08
 1.2398838e+06   7.6175864e+08
 1.2398838e+06   7.6175864e+08
 1.2401474e+06   7.6013103e+08
 1.2401474e+06   7.6013103e+08
 1.2401474e+06   7.6013103e+08
 1.2401474e+06   7.6013103e+08
 1.2404068e+06   7.5854109e+08
 1.2404068e+06   7.5854109e+08
 1.2404068e+06   7.5854109e+08
 1.2404068e+06   7.5854109e+08
 1.2406645e+06   7.5697285e+08
 1.2406645e+06   7.5697285e+08
 1.2406645e+06   7.5697285e+08
 1.2406645e+06   7.5697285e+08
 1.2409177e+06   7.5544299e+08
 1.2409177e+06   7.5544299e+08
 1.2409177e+06   7.5544299e+08
 1.2409177e+06   7.5544299e+08
 1.2411697e+06   7.5392992e+08
 1.2411697e+06   7.5392992e+08
 1.2411697e+06   7.5392992e+08
 1.2411697e+06   7.5392992e+08
 1.2414167e+06   7.5245574e+08
 1.2414167e+06   7.5245574e+08
 1.2414167e+06   7.5245574e+08
 1.2414167e+06   7.5245574e+08
 1.2416631e+06   7.5099369e+08
 1.2416631e+06   7.5099369e+08
 1.2416631e+06   7.5099369e+08
 1.2416631e+06   7.5099369e+08
 1.2419041e+06   7.4957086e+08
 1.2419041e+06   7.4957086e+08
 1.2419041e+06   7.4957086e+08
 1.2419041e+06   7.4957086e+08
 1.2421449e+06   7.4815609e+08
 1.2421449e+06   7.4815609e+08
 1.2421449e+06   7.4815609e+08
 1.2421449e+06   7.4815609e+08
 1.2423781e+06   7.4679161e+08
 1.2423781e+06   7.4679161e+08
 1.2423781e+06   7.4679161e+08
 1.2423781e+06   7.4679161e+08
 1.2426114e+06   7.4543172e+08
 1.2426114e+06   7.4543172e+08
 1.2426114e+06   7.4543172e+08
 1.2426114e+06   7.4543172e+08
 1.2428447e+06   7.4407603e+08
 1.2428447e+06   7.4407603e+08
 1.2428447e+06   7.4407603e+08
 1.2428447e+06   7.4407603e+08
 1.2430725e+06   7.4275572e+08
 1.2430725e+06   7.4275572e+08
 1.2430725e+06   7.4275572e+08
 1.2430725e+06   7.4275572e+08
 1.2432963e+06   7.4146138e+08
 1.2432963e+06   7.4146138e+08
 1.2432963e+06   7.4146138e+08
 1.2432963e+06   7.4146138e+08
 1.2435201e+06   7.4016875e+08
 1.2435201e+06   7.4016875e+08
 1.2435201e+06   7.4016875e+08
 1.2435201e+06   7.4016875e+08
 1.2437429e+06   7.3888354e+08
 1.2437429e+06   7.3888354e+08
 1.2437429e+06   7.3888354e+08
 1.2437429e+06   7.3888354e+08
 1.2439576e+06   7.3764557e+08
 1.2439576e+06   7.3764557e+08
 1.2439576e+06   7.3764557e+08
 1.2439576e+06   7.3764557e+08
 1.2441723e+06   7.3640698e+08
 1.2441723e+06   7.3640698e+08
 1.2441723e+06   7.3640698e+08
 1.2441723e+06   7.3640698e+08
 1.2443870e+06   7.3516724e+08
 1.2443870e+06   7.3516724e+08
 1.2443870e+06   7.3516724e+08
 1.2443870e+06   7.3516724e+08
 1.2445959e+06   7.3395966e+08
 1.2445959e+06   7.3395966e+08
 1.2445959e+06   7.3395966e+08
 1.2445959e+06   7.3395966e+08
 1.2448018e+06   7.3276670e+08
 1.2448018e+06   7.3276670e+08
 1.2448018e+06   7.3276670e+08
 1.2448018e+06   7.3276670e+08
 1.2450077e+06   7.3157039e+08
 1.2450077e+06   7.3157039e+08
 1.2450077e+06   7.3157039e+08
 1.2450077e+06   7.3157039e+08
 1.2452119e+06   7.3038062e+08
 1.2452119e+06   7.3038062e+08
 1.2452119e+06   7.3038062e+08
 1.2452119e+06   7.3038062e+08
 1.2454093e+06   7.2922554e+08
 1.2454093e+06   7.2922554e+08
 1.2454093e+06   7.2922554e+08
 1.2454093e+06   7.2922554e+08
 1.2456068e+06   7.2806501e+08
 1.2456068e+06   7.2806501e+08
 1.2456068e+06   7.2806501e+08
 1.2456068e+06   7.2806501e+08
 1.2458043e+06   7.2689845e+08
 1.2458043e+06   7.2689845e+08
 1.2458043e+06   7.2689845e+08
 1.2458043e+06   7.2689845e+08
 1.2459956e+06   7.2576244e+08
 1.2459956e+06   7.2576244e+08
 1.2459956e+06   7.2576244e+08
 1.2459956e+06   7.2576244e+08
 1.2461849e+06   7.2463071e+08
 1.2461849e+06   7.2463071e+08
 1.2461849e+06   7.2463071e+08
 1.2461849e+06   7.2463071e+08
 1.2463742e+06   7.2349103e+08
 1.2463742e+06   7.2349103e+08
 1.2463742e+06   7.2349103e+08
 1.2463742e+06   7.2349103e+08
 1.2465610e+06   7.2235807e+08
 1.2465610e+06   7.2235807e+08
 1.2465610e+06   7.2235807e+08
 1.2465610e+06   7.2235807e+08
 1.2467425e+06   7.2124887e+08
 1.2467425e+06   7.2124887e+08
 1.2467425e+06   7.2124887e+08
 1.2467425e+06   7.2124887e+08
 1.2469240e+06   7.2013000e+08
 1.2469240e+06   7.2013000e+08
 1.2469240e+06   7.2013000e+08
 1.2469240e+06   7.2013000e+08
 1.2471055e+06   7.1900087e+08
 1.2471055e+06   7.1900087e+08
 1.2471055e+06   7.1900087e+08
 1.2471055e+06   7.1900087e+08
 1.2472803e+06   7.1790277e+08
 1.2472803e+06   7.1790277e+08
 1.2472803e+06   7.1790277e+08
 1.2472803e+06   7.1790277e+08
 1.2474542e+06   7.1679934e+08
 1.2474542e+06   7.1679934e+08
 1.2474542e+06   7.1679934e+08
 1.2474542e+06   7.1679934e+08
 1.2476282e+06   7.1568412e+08
 1.2476282e+06   7.1568412e+08
 1.2476282e+06   7.1568412e+08
 1.2476282e+06   7.1568412e+08
 1.2477989e+06   7.1457744e+08
 1.2477989e+06   7.1457744e+08
 1.2477989e+06   7.1457744e+08
 1.2477989e+06   7.1457744e+08
 1.2479656e+06   7.1348478e+08
 1.2479656e+06   7.1348478e+08
 1.2479656e+06   7.1348478e+08
 1.2479656e+06   7.1348478e+08
 1.2481322e+06   7.1237896e+08
 1.2481322e+06   7.1237896e+08
 1.2481322e+06   7.1237896e+08
 1.2481322e+06   7.1237896e+08
 1.2482989e+06   7.1125974e+08
 1.2482989e+06   7.1125974e+08
 1.2482989e+06   7.1125974e+08
 1.2482989e+06   7.1125974e+08
 1.2484585e+06   7.1017380e+08
 1.2484585e+06   7.1017380e+08
 1.2484585e+06   7.1017380e+08
 1.2484585e+06   7.1017380e+08
 1.2486182e+06   7.0907350e+08
 1.2486182e+06   7.0907350e+08
 1.2486182e+06   7.0907350e+08
 1.2486182e+06   7.0907350e+08
 1.2487779e+06   7.0795829e+08
 1.2487779e+06   7.0795829e+08
 1.2487779e+06   7.0795829e+08
 1.2487779e+06   7.0795829e+08
 1.2489336e+06   7.0685547e+08
 1.2489336e+06   7.0685547e+08
 1.2489336e+06   7.0685547e+08
 1.2489336e+06   7.0685547e+08
 1.2490866e+06   7.0575739e+08
 1.2490866e+06   7.0575739e+08
 1.2490866e+06   7.0575739e+08
 1.2490866e+06   7.0575739e+08
 1.2492395e+06   7.0464337e+08
 1.2492395e+06   7.0464337e+08
 1.2492395e+06   7.0464337e+08
 1.2492395e+06   7.0464337e+08
 1.2493914e+06   7.0352038e+08
 1.2493914e+06   7.0352038e+08
 1.2493914e+06   7.0352038e+08
 1.2493914e+06   7.0352038e+08
 1.2495379e+06   7.0242175e+08
 1.2495379e+06   7.0242175e+08
 1.2495379e+06   7.0242175e+08
 1.2495379e+06   7.0242175e+08
 1.2496843e+06   7.0130627e+08
 1.2496843e+06   7.0130627e+08
 1.2496843e+06   7.0130627e+08
 1.2496843e+06   7.0130627e+08
 1.2498308e+06   7.0017341e+08
 1.2498308e+06   7.0017341e+08
 1.2498308e+06   7.0017341e+08
 1.2498308e+06   7.0017341e+08
 1.2499727e+06   6.9905904e+08
 1.2499727e+06   6.9905904e+08
 1.2499727e+06   6.9905904e+08
 1.2499727e+06   6.9905904e+08
 1.2501129e+06   6.9793993e+08
 1.2501129e+06   6.9793993e+08
 1.2501129e+06   6.9793993e+08
 1.2501129e+06   6.9793993e+08
 1.2502531e+06   6.9680267e+08
 1.2502531e+06   6.9680267e+08
 1.2502531e+06   6.9680267e+08
 1.2502531e+06   6.9680267e+08
 1.2503914e+06   6.9566291e+08
 1.2503914e+06   6.9566291e+08
 1.2503914e+06   6.9566291e+08
 1.2503914e+06   6.9566291e+08
 1.2505256e+06   6.9453838e+08
 1.2505256e+06   6.9453838e+08
 1.2505256e+06   6.9453838e+08
 1.2505256e+06   6.9453838e+08
 1.2506599e+06   6.9339504e+08
 1.2506599e+06   6.9339504e+08
 1.2506599e+06   6.9339504e+08
 1.2506599e+06   6.9339504e+08
 1.2507941e+06   6.9223236e+08
 1.2507941e+06   6.9223236e+08
 1.2507941e+06   6.9223236e+08
 1.2507941e+06   6.9223236e+08
 1.2509230e+06   6.9109675e+08
 1.2509230e+06   6.9109675e+08
 1.2509230e+06   6.9109675e+08
 1.2509230e+06   6.9109675e+08
 1.2510515e+06   6.8994599e+08
 1.2510515e+06   6.8994599e+08
 1.2510515e+06   6.8994599e+08
 1.2510515e+06   6.8994599e+08
 1.2511799e+06   6.8877533e+08
 1.2511799e+06   6.8877533e+08
 1.2511799e+06   6.8877533e+08
 1.2511799e+06   6.8877533e+08
