 5.0003194e+03   3.6619307e+07
 2.9725589e+05   3.6619306e+07
 5.0003194e+03   3.6619307e+07
 2.9725589e+05   3.6619306e+07
 5.0003194e+03   3.6619307e+07
 2.9725589e+05   3.6619306e+07
 5.0003194e+03   3.6619307e+07
 2.9725589e+05   3.6619306e+07
 4.1654790e+05   3.6619306e+07
 4.1654790e+05   3.6619306e+07
 4.1654790e+05   3.6619306e+07
 4.1654790e+05   3.6619306e+07
 5.0542851e+05   3.6619306e+07
 5.0542851e+05   3.6619306e+07
 5.0542851e+05   3.6619306e+07
 5.0542851e+05   3.6619306e+07
 5.7806320e+05   3.6619305e+07
 5.7806320e+05   3.6619305e+07
 5.7806320e+05   3.6619305e+07
 5.7806320e+05   3.6619305e+07
 6.3979527e+05   3.6619305e+07
 6.3979527e+05   3.6619305e+07
 6.3979527e+05   3.6619305e+07
 6.3979527e+05   3.6619305e+07
 6.9362747e+05   3.6619304e+07
 6.9362747e+05   3.6619304e+07
 6.9362747e+05   3.6619304e+07
 6.9362747e+05   3.6619304e+07
 7.4132022e+05   3.6619304e+07
 7.4132022e+05   3.6619304e+07
 7.4132022e+05   3.6619304e+07
 7.4132022e+05   3.6619304e+07
 7.8375600e+05   3.6619304e+07
 7.8375600e+05   3.6619304e+07
 7.8375600e+05   3.6619304e+07
 7.8375600e+05   3.6619304e+07
 8.2193599e+05   3.6619303e+07
 8.2193599e+05   3.6619303e+07
 8.2193599e+05   3.6619303e+07
 8.2193599e+05   3.6619303e+07
 8.5646588e+05   3.6619303e+07
 8.5646588e+05   3.6619303e+07
 8.5646588e+05   3.6619303e+07
 8.5646588e+05   3.6619303e+07
 8.8756463e+05   3.6619302e+07
 8.8756463e+05   3.6619302e+07
 8.8756463e+05   3.6619302e+07
 8.8756463e+05   3.6619302e+07
 9.1575303e+05   3.6619302e+07
 9.1575303e+05   3.6619302e+07
 9.1575303e+05   3.6619302e+07
 9.1575303e+05   3.6619302e+07
 9.4133074e+05   3.6619302e+07
 9.4133074e+05   3.6619302e+07
 9.4133074e+05   3.6619302e+07
 9.4133074e+05   3.6619302e+07
 9.6452678e+05   3.6619301e+07
 9.6452678e+05   3.6619301e+07
 9.6452678e+05   3.6619301e+07
 9.6452678e+05   3.6619301e+07
 9.8554337e+05   3.6619301e+07
 9.8554337e+05   3.6619301e+07
 9.8554337e+05   3.6619301e+07
 9.8554337e+05   3.6619301e+07
 1.0044896e+06   3.6619300e+07
 1.0044896e+06   3.6619300e+07
 1.0044896e+06   3.6619300e+07
 1.0044896e+06   3.6619300e+07
 1.0216191e+06   3.6619300e+07
 1.0216191e+06   3.6619300e+07
 1.0216191e+06   3.6619300e+07
 1.0216191e+06   3.6619300e+07
 1.0370807e+06   3.6619300e+07
 1.0370807e+06   3.6619300e+07
 1.0370807e+06   3.6619300e+07
 1.0370807e+06   3.6619300e+07
 1.0510122e+06   3.6619299e+07
 1.0510122e+06   3.6619299e+07
 1.0510122e+06   3.6619299e+07
 1.0510122e+06   3.6619299e+07
 1.0635798e+06   3.6619299e+07
 1.0635798e+06   3.6619299e+07
 1.0635798e+06   3.6619299e+07
 1.0635798e+06   3.6619299e+07
 1.0748243e+06   3.6619298e+07
 1.0748243e+06   3.6619298e+07
 1.0748243e+06   3.6619298e+07
 1.0748243e+06   3.6619298e+07
 1.0849056e+06   3.6619298e+07
 1.0849056e+06   3.6619298e+07
 1.0849056e+06   3.6619298e+07
 1.0849056e+06   3.6619298e+07
 1.0939324e+06   3.6619297e+07
 1.0939324e+06   3.6619297e+07
 1.0939324e+06   3.6619297e+07
 1.0939324e+06   3.6619297e+07
 1.1020088e+06   3.6619297e+07
 1.1020088e+06   3.6619297e+07
 1.1020088e+06   3.6619297e+07
 1.1020088e+06   3.6619297e+07
 1.1092305e+06   3.6619297e+07
 1.1092305e+06   3.6619297e+07
 1.1092305e+06   3.6619297e+07
 1.1092305e+06   3.6619297e+07
 1.1156888e+06   3.6619296e+07
 1.1156888e+06   3.6619296e+07
 1.1156888e+06   3.6619296e+07
 1.1156888e+06   3.6619296e+07
 1.1214679e+06   3.6619296e+07
 1.1214679e+06   3.6619296e+07
 1.1214679e+06   3.6619296e+07
 1.1214679e+06   3.6619296e+07
 1.1266464e+06   3.6619295e+07
 1.1266464e+06   3.6619295e+07
 1.1266464e+06   3.6619295e+07
 1.1266464e+06   3.6619295e+07
 1.1312958e+06   3.6619295e+07
 1.1312958e+06   3.6619295e+07
 1.1312958e+06   3.6619295e+07
 1.1312958e+06   3.6619295e+07
 1.1354835e+06   3.6619294e+07
 1.1354835e+06   3.6619294e+07
 1.1354835e+06   3.6619294e+07
 1.1354835e+06   3.6619294e+07
 1.1392663e+06   3.6619294e+07
 1.1392663e+06   3.6619294e+07
 1.1392663e+06   3.6619294e+07
 1.1392663e+06   3.6619294e+07
 1.1426910e+06   3.6619294e+07
 1.1426910e+06   3.6619294e+07
 1.1426910e+06   3.6619294e+07
 1.1426910e+06   3.6619294e+07
 1.1457852e+06   3.6619293e+07
 1.1457852e+06   3.6619293e+07
 1.1457852e+06   3.6619293e+07
 1.1457852e+06   3.6619293e+07
 1.1485492e+06   3.6619293e+07
 1.1485492e+06   3.6619293e+07
 1.1485492e+06   3.6619293e+07
 1.1485492e+06   3.6619293e+07
 1.1509533e+06   3.6619292e+07
 1.1509533e+06   3.6619292e+07
 1.1509533e+06   3.6619292e+07
 1.1509533e+06   3.6619292e+07
 1.1529554e+06   3.6619281e+07
 1.1529554e+06   3.6619281e+07
 1.1529554e+06   3.6619281e+07
 1.1529554e+06   3.6619281e+07
 1.1545487e+06   3.6619270e+07
 1.1545487e+06   3.6619270e+07
 1.1545487e+06   3.6619270e+07
 1.1545487e+06   3.6619270e+07
 1.1557993e+06   3.6619262e+07
 1.1557993e+06   3.6619262e+07
 1.1557993e+06   3.6619262e+07
 1.1557993e+06   3.6619262e+07
 1.1568239e+06   3.6619254e+07
 1.1568239e+06   3.6619254e+07
 1.1568239e+06   3.6619254e+07
 1.1568239e+06   3.6619254e+07
 1.1577327e+06   3.6619247e+07
 1.1577327e+06   3.6619247e+07
 1.1577327e+06   3.6619247e+07
 1.1577327e+06   3.6619247e+07
 1.1585946e+06   3.6619239e+07
 1.1585946e+06   3.6619239e+07
 1.1585946e+06   3.6619239e+07
 1.1585946e+06   3.6619239e+07
 1.1594392e+06   3.6619232e+07
 1.1594392e+06   3.6619232e+07
 1.1594392e+06   3.6619232e+07
 1.1594392e+06   3.6619232e+07
 1.1602731e+06   3.6619225e+07
 1.1602731e+06   3.6619225e+07
 1.1602731e+06   3.6619225e+07
 1.1602731e+06   3.6619225e+07
 1.1610938e+06   3.6619217e+07
 1.1610938e+06   3.6619217e+07
 1.1610938e+06   3.6619217e+07
 1.1610938e+06   3.6619217e+07
 1.1618896e+06   3.6619209e+07
 1.1618896e+06   3.6619209e+07
 1.1618896e+06   3.6619209e+07
 1.1618896e+06   3.6619209e+07
 1.1626717e+06   3.6619201e+07
 1.1626717e+06   3.6619201e+07
 1.1626717e+06   3.6619201e+07
 1.1626717e+06   3.6619201e+07
 1.1634310e+06   3.6619193e+07
 1.1634310e+06   3.6619193e+07
 1.1634310e+06   3.6619193e+07
 1.1634310e+06   3.6619193e+07
 1.1641686e+06   3.6619185e+07
 1.1641686e+06   3.6619185e+07
 1.1641686e+06   3.6619185e+07
 1.1641686e+06   3.6619185e+07
 1.1648842e+06   3.6619177e+07
 1.1648842e+06   3.6619177e+07
 1.1648842e+06   3.6619177e+07
 1.1648842e+06   3.6619177e+07
 1.1655780e+06   3.6619168e+07
 1.1655780e+06   3.6619168e+07
 1.1655780e+06   3.6619168e+07
 1.1655780e+06   3.6619168e+07
 1.1662559e+06   3.6619160e+07
 1.1662559e+06   3.6619160e+07
 1.1662559e+06   3.6619160e+07
 1.1662559e+06   3.6619160e+07
 1.1669115e+06   3.6619151e+07
 1.1669115e+06   3.6619151e+07
 1.1669115e+06   3.6619151e+07
 1.1669115e+06   3.6619151e+07
 1.1675594e+06   3.6619142e+07
 1.1675594e+06   3.6619142e+07
 1.1675594e+06   3.6619142e+07
 1.1675594e+06   3.6619142e+07
 1.1681846e+06   3.6619133e+07
 1.1681846e+06   3.6619133e+07
 1.1681846e+06   3.6619133e+07
 1.1681846e+06   3.6619133e+07
 1.1688093e+06   3.6619123e+07
 1.1688093e+06   3.6619123e+07
 1.1688093e+06   3.6619123e+07
 1.1688093e+06   3.6619123e+07
 1.1694120e+06   3.6619113e+07
 1.1694120e+06   3.6619113e+07
 1.1694120e+06   3.6619113e+07
 1.1694120e+06   3.6619113e+07
 1.1700150e+06   3.6619103e+07
 1.1700150e+06   3.6619103e+07
 1.1700150e+06   3.6619103e+07
 1.1700150e+06   3.6619103e+07
 1.1706060e+06   3.6619092e+07
 1.1706060e+06   3.6619092e+07
 1.1706060e+06   3.6619092e+07
 1.1706060e+06   3.6619092e+07
 1.1711934e+06   3.6619080e+07
 1.1711934e+06   3.6619080e+07
 1.1711934e+06   3.6619080e+07
 1.1711934e+06   3.6619080e+07
 1.1717764e+06   3.6619068e+07
 1.1717764e+06   3.6619068e+07
 1.1717764e+06   3.6619068e+07
 1.1717764e+06   3.6619068e+07
 1.1723539e+06   3.6619056e+07
 1.1723539e+06   3.6619056e+07
 1.1723539e+06   3.6619056e+07
 1.1723539e+06   3.6619056e+07
 1.1729308e+06   3.6619043e+07
 1.1729308e+06   3.6619043e+07
 1.1729308e+06   3.6619043e+07
 1.1729308e+06   3.6619043e+07
 1.1735024e+06   3.6619029e+07
 1.1735024e+06   3.6619029e+07
 1.1735024e+06   3.6619029e+07
 1.1735024e+06   3.6619029e+07
 1.1740744e+06   3.6619014e+07
 1.1740744e+06   3.6619014e+07
 1.1740744e+06   3.6619014e+07
 1.1740744e+06   3.6619014e+07
 1.1746432e+06   3.6618999e+07
 1.1746432e+06   3.6618999e+07
 1.1746432e+06   3.6618999e+07
 1.1746432e+06   3.6618999e+07
 1.1752118e+06   3.6618983e+07
 1.1752118e+06   3.6618983e+07
 1.1752118e+06   3.6618983e+07
 1.1752118e+06   3.6618983e+07
 1.1757792e+06   3.6618966e+07
 1.1757792e+06   3.6618966e+07
 1.1757792e+06   3.6618966e+07
 1.1757792e+06   3.6618966e+07
 1.1763458e+06   3.6618948e+07
 1.1763458e+06   3.6618948e+07
 1.1763458e+06   3.6618948e+07
 1.1763458e+06   3.6618948e+07
 1.1769119e+06   3.6618928e+07
 1.1769119e+06   3.6618928e+07
 1.1769119e+06   3.6618928e+07
 1.1769119e+06   3.6618928e+07
 1.1774769e+06   3.6618908e+07
 1.1774769e+06   3.6618908e+07
 1.1774769e+06   3.6618908e+07
 1.1774769e+06   3.6618908e+07
 1.1780420e+06   3.6618887e+07
 1.1780420e+06   3.6618887e+07
 1.1780420e+06   3.6618887e+07
 1.1780420e+06   3.6618887e+07
 1.1786051e+06   3.6618865e+07
 1.1786051e+06   3.6618865e+07
 1.1786051e+06   3.6618865e+07
 1.1786051e+06   3.6618865e+07
 1.1791685e+06   3.6618841e+07
 1.1791685e+06   3.6618841e+07
 1.1791685e+06   3.6618841e+07
 1.1791685e+06   3.6618841e+07
 1.1797297e+06   3.6618816e+07
 1.1797297e+06   3.6618816e+07
 1.1797297e+06   3.6618816e+07
 1.1797297e+06   3.6618816e+07
 1.1802906e+06   3.6618790e+07
 1.1802906e+06   3.6618790e+07
 1.1802906e+06   3.6618790e+07
 1.1802906e+06   3.6618790e+07
 1.1808491e+06   3.6618762e+07
 1.1808491e+06   3.6618762e+07
 1.1808491e+06   3.6618762e+07
 1.1808491e+06   3.6618762e+07
 1.1814067e+06   3.6618733e+07
 1.1814067e+06   3.6618733e+07
 1.1814067e+06   3.6618733e+07
 1.1814067e+06   3.6618733e+07
 1.1819618e+06   3.6618703e+07
 1.1819618e+06   3.6618703e+07
 1.1819618e+06   3.6618703e+07
 1.1819618e+06   3.6618703e+07
 1.1825149e+06   3.6618671e+07
 1.1825149e+06   3.6618671e+07
 1.1825149e+06   3.6618671e+07
 1.1825149e+06   3.6618671e+07
 1.1830657e+06   3.6618637e+07
 1.1830657e+06   3.6618637e+07
 1.1830657e+06   3.6618637e+07
 1.1830657e+06   3.6618637e+07
 1.1836131e+06   3.6618602e+07
 1.1836131e+06   3.6618602e+07
 1.1836131e+06   3.6618602e+07
 1.1836131e+06   3.6618602e+07
 1.1841586e+06   3.6618565e+07
 1.1841586e+06   3.6618565e+07
 1.1841586e+06   3.6618565e+07
 1.1841586e+06   3.6618565e+07
 1.1846993e+06   3.6618527e+07
 1.1846993e+06   3.6618527e+07
 1.1846993e+06   3.6618527e+07
 1.1846993e+06   3.6618527e+07
 1.1852383e+06   3.6618487e+07
 1.1852383e+06   3.6618487e+07
 1.1852383e+06   3.6618487e+07
 1.1852383e+06   3.6618487e+07
 1.1857713e+06   3.6618446e+07
 1.1857713e+06   3.6618446e+07
 1.1857713e+06   3.6618446e+07
 1.1857713e+06   3.6618446e+07
 1.1863028e+06   3.6618402e+07
 1.1863028e+06   3.6618402e+07
 1.1863028e+06   3.6618402e+07
 1.1863028e+06   3.6618402e+07
 1.1868270e+06   3.6618357e+07
 1.1868270e+06   3.6618357e+07
 1.1868270e+06   3.6618357e+07
 1.1868270e+06   3.6618357e+07
 1.1873500e+06   3.6618310e+07
 1.1873500e+06   3.6618310e+07
 1.1873500e+06   3.6618310e+07
 1.1873500e+06   3.6618310e+07
 1.1878646e+06   3.6618262e+07
 1.1878646e+06   3.6618262e+07
 1.1878646e+06   3.6618262e+07
 1.1878646e+06   3.6618262e+07
 1.1883779e+06   3.6618212e+07
 1.1883779e+06   3.6618212e+07
 1.1883779e+06   3.6618212e+07
 1.1883779e+06   3.6618212e+07
 1.1888821e+06   3.6618160e+07
 1.1888821e+06   3.6618160e+07
 1.1888821e+06   3.6618160e+07
 1.1888821e+06   3.6618160e+07
 1.1893850e+06   3.6618106e+07
 1.1893850e+06   3.6618106e+07
 1.1893850e+06   3.6618106e+07
 1.1893850e+06   3.6618106e+07
 1.1898779e+06   3.6618051e+07
 1.1898779e+06   3.6618051e+07
 1.1898779e+06   3.6618051e+07
 1.1898779e+06   3.6618051e+07
 1.1903696e+06   3.6617993e+07
 1.1903696e+06   3.6617993e+07
 1.1903696e+06   3.6617993e+07
 1.1903696e+06   3.6617993e+07
 1.1908508e+06   3.6617934e+07
 1.1908508e+06   3.6617934e+07
 1.1908508e+06   3.6617934e+07
 1.1908508e+06   3.6617934e+07
 1.1913305e+06   3.6617873e+07
 1.1913305e+06   3.6617873e+07
 1.1913305e+06   3.6617873e+07
 1.1913305e+06   3.6617873e+07
 1.1917993e+06   3.6617811e+07
 1.1917993e+06   3.6617811e+07
 1.1917993e+06   3.6617811e+07
 1.1917993e+06   3.6617811e+07
 1.1922666e+06   3.6617746e+07
 1.1922666e+06   3.6617746e+07
 1.1922666e+06   3.6617746e+07
 1.1922666e+06   3.6617746e+07
 1.1927226e+06   3.6617681e+07
 1.1927226e+06   3.6617681e+07
 1.1927226e+06   3.6617681e+07
 1.1927226e+06   3.6617681e+07
 1.1931769e+06   3.6617613e+07
 1.1931769e+06   3.6617613e+07
 1.1931769e+06   3.6617613e+07
 1.1931769e+06   3.6617613e+07
 1.1936197e+06   3.6617544e+07
 1.1936197e+06   3.6617544e+07
 1.1936197e+06   3.6617544e+07
 1.1936197e+06   3.6617544e+07
 1.1940608e+06   3.6617473e+07
 1.1940608e+06   3.6617473e+07
 1.1940608e+06   3.6617473e+07
 1.1940608e+06   3.6617473e+07
 1.1944901e+06   3.6617401e+07
 1.1944901e+06   3.6617401e+07
 1.1944901e+06   3.6617401e+07
 1.1944901e+06   3.6617401e+07
 1.1949177e+06   3.6617327e+07
 1.1949177e+06   3.6617327e+07
 1.1949177e+06   3.6617327e+07
 1.1949177e+06   3.6617327e+07
 1.1953332e+06   3.6617252e+07
 1.1953332e+06   3.6617252e+07
 1.1953332e+06   3.6617252e+07
 1.1953332e+06   3.6617252e+07
 1.1957473e+06   3.6617174e+07
 1.1957473e+06   3.6617174e+07
 1.1957473e+06   3.6617174e+07
 1.1957473e+06   3.6617174e+07
 1.1961489e+06   3.6617096e+07
 1.1961489e+06   3.6617096e+07
 1.1961489e+06   3.6617096e+07
 1.1961489e+06   3.6617096e+07
 1.1965495e+06   3.6617016e+07
 1.1965495e+06   3.6617016e+07
 1.1965495e+06   3.6617016e+07
 1.1965495e+06   3.6617016e+07
 1.1969370e+06   3.6616936e+07
 1.1969370e+06   3.6616936e+07
 1.1969370e+06   3.6616936e+07
 1.1969370e+06   3.6616936e+07
 1.1973242e+06   3.6616852e+07
 1.1973242e+06   3.6616852e+07
 1.1973242e+06   3.6616852e+07
 1.1973242e+06   3.6616852e+07
 1.1976976e+06   3.6616770e+07
 1.1976976e+06   3.6616770e+07
 1.1976976e+06   3.6616770e+07
 1.1976976e+06   3.6616770e+07
 1.1980710e+06   3.6616684e+07
 1.1980710e+06   3.6616684e+07
 1.1980710e+06   3.6616684e+07
 1.1980710e+06   3.6616684e+07
 1.1984309e+06   3.6616599e+07
 1.1984309e+06   3.6616599e+07
 1.1984309e+06   3.6616599e+07
 1.1984309e+06   3.6616599e+07
 1.1987901e+06   3.6616511e+07
 1.1987901e+06   3.6616511e+07
 1.1987901e+06   3.6616511e+07
 1.1987901e+06   3.6616511e+07
 1.1991374e+06   3.6616423e+07
 1.1991374e+06   3.6616423e+07
 1.1991374e+06   3.6616423e+07
 1.1991374e+06   3.6616423e+07
 1.1994825e+06   3.6616334e+07
 1.1994825e+06   3.6616334e+07
 1.1994825e+06   3.6616334e+07
 1.1994825e+06   3.6616334e+07
 1.1998178e+06   3.6616244e+07
 1.1998178e+06   3.6616244e+07
 1.1998178e+06   3.6616244e+07
 1.1998178e+06   3.6616244e+07
 1.2001486e+06   3.6616152e+07
 1.2001486e+06   3.6616152e+07
 1.2001486e+06   3.6616152e+07
 1.2001486e+06   3.6616152e+07
 1.2004727e+06   3.6616060e+07
 1.2004727e+06   3.6616060e+07
 1.2004727e+06   3.6616060e+07
 1.2004727e+06   3.6616060e+07
 1.2007895e+06   3.6615968e+07
 1.2007895e+06   3.6615968e+07
 1.2007895e+06   3.6615968e+07
 1.2007895e+06   3.6615968e+07
 1.2011032e+06   3.6615873e+07
 1.2011032e+06   3.6615873e+07
 1.2011032e+06   3.6615873e+07
 1.2011032e+06   3.6615873e+07
 1.2014061e+06   3.6615780e+07
 1.2014061e+06   3.6615780e+07
 1.2014061e+06   3.6615780e+07
 1.2014061e+06   3.6615780e+07
 1.2017091e+06   3.6615683e+07
 1.2017091e+06   3.6615683e+07
 1.2017091e+06   3.6615683e+07
 1.2017091e+06   3.6615683e+07
 1.2019996e+06   3.6615588e+07
 1.2019996e+06   3.6615588e+07
 1.2019996e+06   3.6615588e+07
 1.2019996e+06   3.6615588e+07
 1.2022889e+06   3.6615492e+07
 1.2022889e+06   3.6615492e+07
 1.2022889e+06   3.6615492e+07
 1.2022889e+06   3.6615492e+07
 1.2025714e+06   3.6615394e+07
 1.2025714e+06   3.6615394e+07
 1.2025714e+06   3.6615394e+07
 1.2025714e+06   3.6615394e+07
 1.2028473e+06   3.6615297e+07
 1.2028473e+06   3.6615297e+07
 1.2028473e+06   3.6615297e+07
 1.2028473e+06   3.6615297e+07
 1.2031232e+06   3.6615197e+07
 1.2031232e+06   3.6615197e+07
 1.2031232e+06   3.6615197e+07
 1.2031232e+06   3.6615197e+07
 1.2033860e+06   3.6615100e+07
 1.2033860e+06   3.6615100e+07
 1.2033860e+06   3.6615100e+07
 1.2033860e+06   3.6615100e+07
 1.2036489e+06   3.6615000e+07
 1.2036489e+06   3.6615000e+07
 1.2036489e+06   3.6615000e+07
 1.2036489e+06   3.6615000e+07
 1.2039069e+06   3.6614900e+07
 1.2039069e+06   3.6614900e+07
 1.2039069e+06   3.6614900e+07
 1.2039069e+06   3.6614900e+07
 1.2041570e+06   3.6614800e+07
 1.2041570e+06   3.6614800e+07
 1.2041570e+06   3.6614800e+07
 1.2041570e+06   3.6614800e+07
 1.2044073e+06   3.6614698e+07
 1.2044073e+06   3.6614698e+07
 1.2044073e+06   3.6614698e+07
 1.2044073e+06   3.6614698e+07
 1.2046497e+06   3.6614597e+07
 1.2046497e+06   3.6614597e+07
 1.2046497e+06   3.6614597e+07
 1.2046497e+06   3.6614597e+07
 1.2048877e+06   3.6614496e+07
 1.2048877e+06   3.6614496e+07
 1.2048877e+06   3.6614496e+07
 1.2048877e+06   3.6614496e+07
 1.2051257e+06   3.6614392e+07
 1.2051257e+06   3.6614392e+07
 1.2051257e+06   3.6614392e+07
 1.2051257e+06   3.6614392e+07
 1.2053553e+06   3.6614289e+07
 1.2053553e+06   3.6614289e+07
 1.2053553e+06   3.6614289e+07
 1.2053553e+06   3.6614289e+07
 1.2055815e+06   3.6614185e+07
 1.2055815e+06   3.6614185e+07
 1.2055815e+06   3.6614185e+07
 1.2055815e+06   3.6614185e+07
 1.2058078e+06   3.6614079e+07
 1.2058078e+06   3.6614079e+07
 1.2058078e+06   3.6614079e+07
 1.2058078e+06   3.6614079e+07
 1.2060275e+06   3.6613973e+07
 1.2060275e+06   3.6613973e+07
 1.2060275e+06   3.6613973e+07
 1.2060275e+06   3.6613973e+07
 1.2062425e+06   3.6613867e+07
 1.2062425e+06   3.6613867e+07
 1.2062425e+06   3.6613867e+07
 1.2062425e+06   3.6613867e+07
 1.2064575e+06   3.6613760e+07
 1.2064575e+06   3.6613760e+07
 1.2064575e+06   3.6613760e+07
 1.2064575e+06   3.6613760e+07
 1.2066704e+06   3.6613651e+07
 1.2066704e+06   3.6613651e+07
 1.2066704e+06   3.6613651e+07
 1.2066704e+06   3.6613651e+07
 1.2068745e+06   3.6613545e+07
 1.2068745e+06   3.6613545e+07
 1.2068745e+06   3.6613545e+07
 1.2068745e+06   3.6613545e+07
 1.2070785e+06   3.6613438e+07
 1.2070785e+06   3.6613438e+07
 1.2070785e+06   3.6613438e+07
 1.2070785e+06   3.6613438e+07
 1.2072826e+06   3.6613328e+07
 1.2072826e+06   3.6613328e+07
 1.2072826e+06   3.6613328e+07
 1.2072826e+06   3.6613328e+07
 1.2074815e+06   3.6613219e+07
 1.2074815e+06   3.6613219e+07
 1.2074815e+06   3.6613219e+07
 1.2074815e+06   3.6613219e+07
 1.2076743e+06   3.6613112e+07
 1.2076743e+06   3.6613112e+07
 1.2076743e+06   3.6613112e+07
 1.2076743e+06   3.6613112e+07
 1.2078671e+06   3.6613003e+07
 1.2078671e+06   3.6613003e+07
 1.2078671e+06   3.6613003e+07
 1.2078671e+06   3.6613003e+07
 1.2080600e+06   3.6612893e+07
 1.2080600e+06   3.6612893e+07
 1.2080600e+06   3.6612893e+07
 1.2080600e+06   3.6612893e+07
 1.2082494e+06   3.6612782e+07
 1.2082494e+06   3.6612782e+07
 1.2082494e+06   3.6612782e+07
 1.2082494e+06   3.6612782e+07
 1.2084301e+06   3.6612676e+07
 1.2084301e+06   3.6612676e+07
 1.2084301e+06   3.6612676e+07
 1.2084301e+06   3.6612676e+07
 1.2086108e+06   3.6612567e+07
 1.2086108e+06   3.6612567e+07
 1.2086108e+06   3.6612567e+07
 1.2086108e+06   3.6612567e+07
 1.2087915e+06   3.6612458e+07
 1.2087915e+06   3.6612458e+07
 1.2087915e+06   3.6612458e+07
 1.2087915e+06   3.6612458e+07
 1.2089723e+06   3.6612346e+07
 1.2089723e+06   3.6612346e+07
 1.2089723e+06   3.6612346e+07
 1.2089723e+06   3.6612346e+07
 1.2091559e+06   3.6612232e+07
 1.2091559e+06   3.6612232e+07
 1.2091559e+06   3.6612232e+07
 1.2091559e+06   3.6612232e+07
 1.2093434e+06   3.6612113e+07
 1.2093434e+06   3.6612113e+07
 1.2093434e+06   3.6612113e+07
 1.2093434e+06   3.6612113e+07
 1.2095308e+06   3.6611993e+07
 1.2095308e+06   3.6611993e+07
 1.2095308e+06   3.6611993e+07
 1.2095308e+06   3.6611993e+07
 1.2097183e+06   3.6611872e+07
 1.2097183e+06   3.6611872e+07
 1.2097183e+06   3.6611872e+07
 1.2097183e+06   3.6611872e+07
 1.2099058e+06   3.6611749e+07
 1.2099058e+06   3.6611749e+07
 1.2099058e+06   3.6611749e+07
 1.2099058e+06   3.6611749e+07
 1.2101110e+06   3.6611613e+07
 1.2101110e+06   3.6611613e+07
 1.2101110e+06   3.6611613e+07
 1.2101110e+06   3.6611613e+07
 1.2103899e+06   3.6611427e+07
 1.2103899e+06   3.6611427e+07
 1.2103899e+06   3.6611427e+07
 1.2103899e+06   3.6611427e+07
 1.2106688e+06   3.6611238e+07
 1.2106688e+06   3.6611238e+07
 1.2106688e+06   3.6611238e+07
 1.2106688e+06   3.6611238e+07
 1.2109478e+06   3.6611048e+07
 1.2109478e+06   3.6611048e+07
 1.2109478e+06   3.6611048e+07
 1.2109478e+06   3.6611048e+07
 1.2112686e+06   3.6610829e+07
 1.2112686e+06   3.6610829e+07
 1.2112686e+06   3.6610829e+07
 1.2112686e+06   3.6610829e+07
 1.2116708e+06   3.6610571e+07
 1.2116708e+06   3.6610571e+07
 1.2116708e+06   3.6610571e+07
 1.2116708e+06   3.6610571e+07
 1.2120730e+06   3.6610334e+07
 1.2120730e+06   3.6610334e+07
 1.2120730e+06   3.6610334e+07
 1.2120730e+06   3.6610334e+07
 1.2125155e+06   3.6610086e+07
 1.2125155e+06   3.6610086e+07
 1.2125155e+06   3.6610086e+07
 1.2125155e+06   3.6610086e+07
 1.2129857e+06   3.6609812e+07
 1.2129857e+06   3.6609812e+07
 1.2129857e+06   3.6609812e+07
 1.2129857e+06   3.6609812e+07
 1.2134612e+06   3.6609520e+07
 1.2134612e+06   3.6609520e+07
 1.2134612e+06   3.6609520e+07
 1.2134612e+06   3.6609520e+07
 1.2139522e+06   3.6609205e+07
 1.2139522e+06   3.6609205e+07
 1.2139522e+06   3.6609205e+07
 1.2139522e+06   3.6609205e+07
 1.2144432e+06   3.6608874e+07
 1.2144432e+06   3.6608874e+07
 1.2144432e+06   3.6608874e+07
 1.2144432e+06   3.6608874e+07
 1.2149308e+06   3.6608529e+07
 1.2149308e+06   3.6608529e+07
 1.2149308e+06   3.6608529e+07
 1.2149308e+06   3.6608529e+07
 1.2154186e+06   3.6608167e+07
 1.2154186e+06   3.6608167e+07
 1.2154186e+06   3.6608167e+07
 1.2154186e+06   3.6608167e+07
 1.2158958e+06   3.6607796e+07
 1.2158958e+06   3.6607796e+07
 1.2158958e+06   3.6607796e+07
 1.2158958e+06   3.6607796e+07
 1.2163714e+06   3.6607408e+07
 1.2163714e+06   3.6607408e+07
 1.2163714e+06   3.6607408e+07
 1.2163714e+06   3.6607408e+07
 1.2168383e+06   3.6607009e+07
 1.2168383e+06   3.6607009e+07
 1.2168383e+06   3.6607009e+07
 1.2168383e+06   3.6607009e+07
 1.2173009e+06   3.6606596e+07
 1.2173009e+06   3.6606596e+07
 1.2173009e+06   3.6606596e+07
 1.2173009e+06   3.6606596e+07
 1.2177585e+06   3.6606167e+07
 1.2177585e+06   3.6606167e+07
 1.2177585e+06   3.6606167e+07
 1.2177585e+06   3.6606167e+07
 1.2182100e+06   3.6605725e+07
 1.2182100e+06   3.6605725e+07
 1.2182100e+06   3.6605725e+07
 1.2182100e+06   3.6605725e+07
 1.2186597e+06   3.6605263e+07
 1.2186597e+06   3.6605263e+07
 1.2186597e+06   3.6605263e+07
 1.2186597e+06   3.6605263e+07
 1.2191024e+06   3.6604788e+07
 1.2191024e+06   3.6604788e+07
 1.2191024e+06   3.6604788e+07
 1.2191024e+06   3.6604788e+07
 1.2195452e+06   3.6604292e+07
 1.2195452e+06   3.6604292e+07
 1.2195452e+06   3.6604292e+07
 1.2195452e+06   3.6604292e+07
 1.2199812e+06   3.6603783e+07
 1.2199812e+06   3.6603783e+07
 1.2199812e+06   3.6603783e+07
 1.2199812e+06   3.6603783e+07
 1.2204171e+06   3.6603257e+07
 1.2204171e+06   3.6603257e+07
 1.2204171e+06   3.6603257e+07
 1.2204171e+06   3.6603257e+07
 1.2208487e+06   3.6602718e+07
 1.2208487e+06   3.6602718e+07
 1.2208487e+06   3.6602718e+07
 1.2208487e+06   3.6602718e+07
 1.2212788e+06   3.6602156e+07
 1.2212788e+06   3.6602156e+07
 1.2212788e+06   3.6602156e+07
 1.2212788e+06   3.6602156e+07
 1.2217064e+06   3.6601573e+07
 1.2217064e+06   3.6601573e+07
 1.2217064e+06   3.6601573e+07
 1.2217064e+06   3.6601573e+07
 1.2221313e+06   3.6600968e+07
 1.2221313e+06   3.6600968e+07
 1.2221313e+06   3.6600968e+07
 1.2221313e+06   3.6600968e+07
 1.2225549e+06   3.6600339e+07
 1.2225549e+06   3.6600339e+07
 1.2225549e+06   3.6600339e+07
 1.2225549e+06   3.6600339e+07
 1.2229748e+06   3.6599689e+07
 1.2229748e+06   3.6599689e+07
 1.2229748e+06   3.6599689e+07
 1.2229748e+06   3.6599689e+07
 1.2233944e+06   3.6599011e+07
 1.2233944e+06   3.6599011e+07
 1.2233944e+06   3.6599011e+07
 1.2233944e+06   3.6599011e+07
 1.2238091e+06   3.6598313e+07
 1.2238091e+06   3.6598313e+07
 1.2238091e+06   3.6598313e+07
 1.2238091e+06   3.6598313e+07
 1.2242240e+06   3.6597586e+07
 1.2242240e+06   3.6597586e+07
 1.2242240e+06   3.6597586e+07
 1.2242240e+06   3.6597586e+07
 1.2246341e+06   3.6596837e+07
 1.2246341e+06   3.6596837e+07
 1.2246341e+06   3.6596837e+07
 1.2246341e+06   3.6596837e+07
 1.2250436e+06   3.6596059e+07
 1.2250436e+06   3.6596059e+07
 1.2250436e+06   3.6596059e+07
 1.2250436e+06   3.6596059e+07
 1.2254492e+06   3.6595256e+07
 1.2254492e+06   3.6595256e+07
 1.2254492e+06   3.6595256e+07
 1.2254492e+06   3.6595256e+07
 1.2258530e+06   3.6594425e+07
 1.2258530e+06   3.6594425e+07
 1.2258530e+06   3.6594425e+07
 1.2258530e+06   3.6594425e+07
 1.2262538e+06   3.6593567e+07
 1.2262538e+06   3.6593567e+07
 1.2262538e+06   3.6593567e+07
 1.2262538e+06   3.6593567e+07
 1.2266516e+06   3.6592681e+07
 1.2266516e+06   3.6592681e+07
 1.2266516e+06   3.6592681e+07
 1.2266516e+06   3.6592681e+07
 1.2270473e+06   3.6591766e+07
 1.2270473e+06   3.6591766e+07
 1.2270473e+06   3.6591766e+07
 1.2270473e+06   3.6591766e+07
 1.2274388e+06   3.6590825e+07
 1.2274388e+06   3.6590825e+07
 1.2274388e+06   3.6590825e+07
 1.2274388e+06   3.6590825e+07
 1.2278292e+06   3.6589851e+07
 1.2278292e+06   3.6589851e+07
 1.2278292e+06   3.6589851e+07
 1.2278292e+06   3.6589851e+07
 1.2282142e+06   3.6588853e+07
 1.2282142e+06   3.6588853e+07
 1.2282142e+06   3.6588853e+07
 1.2282142e+06   3.6588853e+07
 1.2285989e+06   3.6587818e+07
 1.2285989e+06   3.6587818e+07
 1.2285989e+06   3.6587818e+07
 1.2285989e+06   3.6587818e+07
 1.2289771e+06   3.6586763e+07
 1.2289771e+06   3.6586763e+07
 1.2289771e+06   3.6586763e+07
 1.2289771e+06   3.6586763e+07
 1.2293555e+06   3.6585669e+07
 1.2293555e+06   3.6585669e+07
 1.2293555e+06   3.6585669e+07
 1.2293555e+06   3.6585669e+07
 1.2297273e+06   3.6584554e+07
 1.2297273e+06   3.6584554e+07
 1.2297273e+06   3.6584554e+07
 1.2297273e+06   3.6584554e+07
 1.2300986e+06   3.6583400e+07
 1.2300986e+06   3.6583400e+07
 1.2300986e+06   3.6583400e+07
 1.2300986e+06   3.6583400e+07
 1.2304643e+06   3.6582223e+07
 1.2304643e+06   3.6582223e+07
 1.2304643e+06   3.6582223e+07
 1.2304643e+06   3.6582223e+07
 1.2308286e+06   3.6581009e+07
 1.2308286e+06   3.6581009e+07
 1.2308286e+06   3.6581009e+07
 1.2308286e+06   3.6581009e+07
 1.2311879e+06   3.6579769e+07
 1.2311879e+06   3.6579769e+07
 1.2311879e+06   3.6579769e+07
 1.2311879e+06   3.6579769e+07
 1.2315450e+06   3.6578495e+07
 1.2315450e+06   3.6578495e+07
 1.2315450e+06   3.6578495e+07
 1.2315450e+06   3.6578495e+07
 1.2318979e+06   3.6577191e+07
 1.2318979e+06   3.6577191e+07
 1.2318979e+06   3.6577191e+07
 1.2318979e+06   3.6577191e+07
 1.2322477e+06   3.6575856e+07
 1.2322477e+06   3.6575856e+07
 1.2322477e+06   3.6575856e+07
 1.2322477e+06   3.6575856e+07
 1.2325942e+06   3.6574489e+07
 1.2325942e+06   3.6574489e+07
 1.2325942e+06   3.6574489e+07
 1.2325942e+06   3.6574489e+07
 1.2329367e+06   3.6573093e+07
 1.2329367e+06   3.6573093e+07
 1.2329367e+06   3.6573093e+07
 1.2329367e+06   3.6573093e+07
 1.2332767e+06   3.6571662e+07
 1.2332767e+06   3.6571662e+07
 1.2332767e+06   3.6571662e+07
 1.2332767e+06   3.6571662e+07
 1.2336119e+06   3.6570205e+07
 1.2336119e+06   3.6570205e+07
 1.2336119e+06   3.6570205e+07
 1.2336119e+06   3.6570205e+07
 1.2339453e+06   3.6568710e+07
 1.2339453e+06   3.6568710e+07
 1.2339453e+06   3.6568710e+07
 1.2339453e+06   3.6568710e+07
 1.2342732e+06   3.6567192e+07
 1.2342732e+06   3.6567192e+07
 1.2342732e+06   3.6567192e+07
 1.2342732e+06   3.6567192e+07
 1.2346001e+06   3.6565632e+07
 1.2346001e+06   3.6565632e+07
 1.2346001e+06   3.6565632e+07
 1.2346001e+06   3.6565632e+07
 1.2349208e+06   3.6564054e+07
 1.2349208e+06   3.6564054e+07
 1.2349208e+06   3.6564054e+07
 1.2349208e+06   3.6564054e+07
 1.2352411e+06   3.6562429e+07
 1.2352411e+06   3.6562429e+07
 1.2352411e+06   3.6562429e+07
 1.2352411e+06   3.6562429e+07
 1.2355546e+06   3.6560791e+07
 1.2355546e+06   3.6560791e+07
 1.2355546e+06   3.6560791e+07
 1.2355546e+06   3.6560791e+07
 1.2358681e+06   3.6559104e+07
 1.2358681e+06   3.6559104e+07
 1.2358681e+06   3.6559104e+07
 1.2358681e+06   3.6559104e+07
 1.2361748e+06   3.6557404e+07
 1.2361748e+06   3.6557404e+07
 1.2361748e+06   3.6557404e+07
 1.2361748e+06   3.6557404e+07
 1.2364812e+06   3.6555657e+07
 1.2364812e+06   3.6555657e+07
 1.2364812e+06   3.6555657e+07
 1.2364812e+06   3.6555657e+07
 1.2367814e+06   3.6553894e+07
 1.2367814e+06   3.6553894e+07
 1.2367814e+06   3.6553894e+07
 1.2367814e+06   3.6553894e+07
 1.2370808e+06   3.6552086e+07
 1.2370808e+06   3.6552086e+07
 1.2370808e+06   3.6552086e+07
 1.2370808e+06   3.6552086e+07
 1.2373748e+06   3.6550261e+07
 1.2373748e+06   3.6550261e+07
 1.2373748e+06   3.6550261e+07
 1.2373748e+06   3.6550261e+07
 1.2376672e+06   3.6548394e+07
 1.2376672e+06   3.6548394e+07
 1.2376672e+06   3.6548394e+07
 1.2376672e+06   3.6548394e+07
 1.2379549e+06   3.6546506e+07
 1.2379549e+06   3.6546506e+07
 1.2379549e+06   3.6546506e+07
 1.2379549e+06   3.6546506e+07
 1.2382405e+06   3.6544581e+07
 1.2382405e+06   3.6544581e+07
 1.2382405e+06   3.6544581e+07
 1.2382405e+06   3.6544581e+07
 1.2385220e+06   3.6542631e+07
 1.2385220e+06   3.6542631e+07
 1.2385220e+06   3.6542631e+07
 1.2385220e+06   3.6542631e+07
 1.2388009e+06   3.6540647e+07
 1.2388009e+06   3.6540647e+07
 1.2388009e+06   3.6540647e+07
 1.2388009e+06   3.6540647e+07
 1.2390764e+06   3.6538635e+07
 1.2390764e+06   3.6538635e+07
 1.2390764e+06   3.6538635e+07
 1.2390764e+06   3.6538635e+07
 1.2393486e+06   3.6536593e+07
 1.2393486e+06   3.6536593e+07
 1.2393486e+06   3.6536593e+07
 1.2393486e+06   3.6536593e+07
 1.2396181e+06   3.6534519e+07
 1.2396181e+06   3.6534519e+07
 1.2396181e+06   3.6534519e+07
 1.2396181e+06   3.6534519e+07
 1.2398838e+06   3.6532420e+07
 1.2398838e+06   3.6532420e+07
 1.2398838e+06   3.6532420e+07
 1.2398838e+06   3.6532420e+07
 1.2401474e+06   3.6530285e+07
 1.2401474e+06   3.6530285e+07
 1.2401474e+06   3.6530285e+07
 1.2401474e+06   3.6530285e+07
 1.2404068e+06   3.6528129e+07
 1.2404068e+06   3.6528129e+07
 1.2404068e+06   3.6528129e+07
 1.2404068e+06   3.6528129e+07
 1.2406645e+06   3.6525933e+07
 1.2406645e+06   3.6525933e+07
 1.2406645e+06   3.6525933e+07
 1.2406645e+06   3.6525933e+07
 1.2409177e+06   3.6523720e+07
 1.2409177e+06   3.6523720e+07
 1.2409177e+06   3.6523720e+07
 1.2409177e+06   3.6523720e+07
 1.2411697e+06   3.6521463e+07
 1.2411697e+06   3.6521463e+07
 1.2411697e+06   3.6521463e+07
 1.2411697e+06   3.6521463e+07
 1.2414167e+06   3.6519194e+07
 1.2414167e+06   3.6519194e+07
 1.2414167e+06   3.6519194e+07
 1.2414167e+06   3.6519194e+07
 1.2416631e+06   3.6516874e+07
 1.2416631e+06   3.6516874e+07
 1.2416631e+06   3.6516874e+07
 1.2416631e+06   3.6516874e+07
 1.2419041e+06   3.6514549e+07
 1.2419041e+06   3.6514549e+07
 1.2419041e+06   3.6514549e+07
 1.2419041e+06   3.6514549e+07
 1.2421449e+06   3.6512169e+07
 1.2421449e+06   3.6512169e+07
 1.2421449e+06   3.6512169e+07
 1.2421449e+06   3.6512169e+07
 1.2423781e+06   3.6509794e+07
 1.2423781e+06   3.6509794e+07
 1.2423781e+06   3.6509794e+07
 1.2423781e+06   3.6509794e+07
 1.2426114e+06   3.6507339e+07
 1.2426114e+06   3.6507339e+07
 1.2426114e+06   3.6507339e+07
 1.2426114e+06   3.6507339e+07
 1.2428447e+06   3.6504802e+07
 1.2428447e+06   3.6504802e+07
 1.2428447e+06   3.6504802e+07
 1.2428447e+06   3.6504802e+07
 1.2430725e+06   3.6502244e+07
 1.2430725e+06   3.6502244e+07
 1.2430725e+06   3.6502244e+07
 1.2430725e+06   3.6502244e+07
 1.2432963e+06   3.6499659e+07
 1.2432963e+06   3.6499659e+07
 1.2432963e+06   3.6499659e+07
 1.2432963e+06   3.6499659e+07
 1.2435201e+06   3.6496999e+07
 1.2435201e+06   3.6496999e+07
 1.2435201e+06   3.6496999e+07
 1.2435201e+06   3.6496999e+07
 1.2437429e+06   3.6494275e+07
 1.2437429e+06   3.6494275e+07
 1.2437429e+06   3.6494275e+07
 1.2437429e+06   3.6494275e+07
 1.2439576e+06   3.6491586e+07
 1.2439576e+06   3.6491586e+07
 1.2439576e+06   3.6491586e+07
 1.2439576e+06   3.6491586e+07
 1.2441723e+06   3.6488834e+07
 1.2441723e+06   3.6488834e+07
 1.2441723e+06   3.6488834e+07
 1.2441723e+06   3.6488834e+07
 1.2443870e+06   3.6486018e+07
 1.2443870e+06   3.6486018e+07
 1.2443870e+06   3.6486018e+07
 1.2443870e+06   3.6486018e+07
 1.2445959e+06   3.6483216e+07
 1.2445959e+06   3.6483216e+07
 1.2445959e+06   3.6483216e+07
 1.2445959e+06   3.6483216e+07
 1.2448018e+06   3.6480391e+07
 1.2448018e+06   3.6480391e+07
 1.2448018e+06   3.6480391e+07
 1.2448018e+06   3.6480391e+07
 1.2450077e+06   3.6477499e+07
 1.2450077e+06   3.6477499e+07
 1.2450077e+06   3.6477499e+07
 1.2450077e+06   3.6477499e+07
 1.2452119e+06   3.6474566e+07
 1.2452119e+06   3.6474566e+07
 1.2452119e+06   3.6474566e+07
 1.2452119e+06   3.6474566e+07
 1.2454093e+06   3.6471664e+07
 1.2454093e+06   3.6471664e+07
 1.2454093e+06   3.6471664e+07
 1.2454093e+06   3.6471664e+07
 1.2456068e+06   3.6468695e+07
 1.2456068e+06   3.6468695e+07
 1.2456068e+06   3.6468695e+07
 1.2456068e+06   3.6468695e+07
 1.2458043e+06   3.6465656e+07
 1.2458043e+06   3.6465656e+07
 1.2458043e+06   3.6465656e+07
 1.2458043e+06   3.6465656e+07
 1.2459956e+06   3.6462645e+07
 1.2459956e+06   3.6462645e+07
 1.2459956e+06   3.6462645e+07
 1.2459956e+06   3.6462645e+07
 1.2461849e+06   3.6459595e+07
 1.2461849e+06   3.6459595e+07
 1.2461849e+06   3.6459595e+07
 1.2461849e+06   3.6459595e+07
 1.2463742e+06   3.6456473e+07
 1.2463742e+06   3.6456473e+07
 1.2463742e+06   3.6456473e+07
 1.2463742e+06   3.6456473e+07
 1.2465610e+06   3.6453320e+07
 1.2465610e+06   3.6453320e+07
 1.2465610e+06   3.6453320e+07
 1.2465610e+06   3.6453320e+07
 1.2467425e+06   3.6450186e+07
 1.2467425e+06   3.6450186e+07
 1.2467425e+06   3.6450186e+07
 1.2467425e+06   3.6450186e+07
 1.2469240e+06   3.6446978e+07
 1.2469240e+06   3.6446978e+07
 1.2469240e+06   3.6446978e+07
 1.2469240e+06   3.6446978e+07
 1.2471055e+06   3.6443693e+07
 1.2471055e+06   3.6443693e+07
 1.2471055e+06   3.6443693e+07
 1.2471055e+06   3.6443693e+07
 1.2472803e+06   3.6440455e+07
 1.2472803e+06   3.6440455e+07
 1.2472803e+06   3.6440455e+07
 1.2472803e+06   3.6440455e+07
 1.2474542e+06   3.6437156e+07
 1.2474542e+06   3.6437156e+07
 1.2474542e+06   3.6437156e+07
 1.2474542e+06   3.6437156e+07
 1.2476282e+06   3.6433778e+07
 1.2476282e+06   3.6433778e+07
 1.2476282e+06   3.6433778e+07
 1.2476282e+06   3.6433778e+07
 1.2477989e+06   3.6430384e+07
 1.2477989e+06   3.6430384e+07
 1.2477989e+06   3.6430384e+07
 1.2477989e+06   3.6430384e+07
 1.2479656e+06   3.6426991e+07
 1.2479656e+06   3.6426991e+07
 1.2479656e+06   3.6426991e+07
 1.2479656e+06   3.6426991e+07
 1.2481322e+06   3.6423516e+07
 1.2481322e+06   3.6423516e+07
 1.2481322e+06   3.6423516e+07
 1.2481322e+06   3.6423516e+07
 1.2482989e+06   3.6419957e+07
 1.2482989e+06   3.6419957e+07
 1.2482989e+06   3.6419957e+07
 1.2482989e+06   3.6419957e+07
 1.2484585e+06   3.6416465e+07
 1.2484585e+06   3.6416465e+07
 1.2484585e+06   3.6416465e+07
 1.2484585e+06   3.6416465e+07
 1.2486182e+06   3.6412887e+07
 1.2486182e+06   3.6412887e+07
 1.2486182e+06   3.6412887e+07
 1.2486182e+06   3.6412887e+07
 1.2487779e+06   3.6409222e+07
 1.2487779e+06   3.6409222e+07
 1.2487779e+06   3.6409222e+07
 1.2487779e+06   3.6409222e+07
 1.2489336e+06   3.6405559e+07
 1.2489336e+06   3.6405559e+07
 1.2489336e+06   3.6405559e+07
 1.2489336e+06   3.6405559e+07
 1.2490866e+06   3.6401873e+07
 1.2490866e+06   3.6401873e+07
 1.2490866e+06   3.6401873e+07
 1.2490866e+06   3.6401873e+07
 1.2492395e+06   3.6398096e+07
 1.2492395e+06   3.6398096e+07
 1.2492395e+06   3.6398096e+07
 1.2492395e+06   3.6398096e+07
 1.2493914e+06   3.6394252e+07
 1.2493914e+06   3.6394252e+07
 1.2493914e+06   3.6394252e+07
 1.2493914e+06   3.6394252e+07
 1.2495379e+06   3.6390453e+07
 1.2495379e+06   3.6390453e+07
 1.2495379e+06   3.6390453e+07
 1.2495379e+06   3.6390453e+07
 1.2496843e+06   3.6386559e+07
 1.2496843e+06   3.6386559e+07
 1.2496843e+06   3.6386559e+07
 1.2496843e+06   3.6386559e+07
 1.2498308e+06   3.6382567e+07
 1.2498308e+06   3.6382567e+07
 1.2498308e+06   3.6382567e+07
 1.2498308e+06   3.6382567e+07
 1.2499727e+06   3.6378605e+07
 1.2499727e+06   3.6378605e+07
 1.2499727e+06   3.6378605e+07
 1.2499727e+06   3.6378605e+07
 1.2501129e+06   3.6374588e+07
 1.2501129e+06   3.6374588e+07
 1.2501129e+06   3.6374588e+07
 1.2501129e+06   3.6374588e+07
 1.2502531e+06   3.6370469e+07
 1.2502531e+06   3.6370469e+07
 1.2502531e+06   3.6370469e+07
 1.2502531e+06   3.6370469e+07
 1.2503914e+06   3.6366305e+07
 1.2503914e+06   3.6366305e+07
 1.2503914e+06   3.6366305e+07
 1.2503914e+06   3.6366305e+07
 1.2505256e+06   3.6362159e+07
 1.2505256e+06   3.6362159e+07
 1.2505256e+06   3.6362159e+07
 1.2505256e+06   3.6362159e+07
 1.2506599e+06   3.6357906e+07
 1.2506599e+06   3.6357906e+07
 1.2506599e+06   3.6357906e+07
 1.2506599e+06   3.6357906e+07
 1.2507941e+06   3.6353545e+07
 1.2507941e+06   3.6353545e+07
 1.2507941e+06   3.6353545e+07
 1.2507941e+06   3.6353545e+07
 1.2509230e+06   3.6349248e+07
 1.2509230e+06   3.6349248e+07
 1.2509230e+06   3.6349248e+07
 1.2509230e+06   3.6349248e+07
 1.2510515e+06   3.6344856e+07
 1.2510515e+06   3.6344856e+07
 1.2510515e+06   3.6344856e+07
 1.2510515e+06   3.6344856e+07
 1.2511799e+06   3.6340349e+07
 1.2511799e+06   3.6340349e+07
 1.2511799e+06   3.6340349e+07
 1.2511799e+06   3.6340349e+07
