 5.0003194e+03   1.5725600e+09
 2.9725589e+05   1.5759351e+09
 5.0003194e+03   1.5725600e+09
 2.9725589e+05   1.5759351e+09
 5.0003194e+03   1.5725600e+09
 2.9725589e+05   1.5759351e+09
 5.0003194e+03   1.5725600e+09
 2.9725589e+05   1.5759351e+09
 4.1654790e+05   1.5785941e+09
 4.1654790e+05   1.5785941e+09
 4.1654790e+05   1.5785941e+09
 4.1654790e+05   1.5785941e+09
 5.0542851e+05   1.5807642e+09
 5.0542851e+05   1.5807642e+09
 5.0542851e+05   1.5807642e+09
 5.0542851e+05   1.5807642e+09
 5.7806320e+05   1.5826776e+09
 5.7806320e+05   1.5826776e+09
 5.7806320e+05   1.5826776e+09
 5.7806320e+05   1.5826776e+09
 6.3979527e+05   1.5842749e+09
 6.3979527e+05   1.5842749e+09
 6.3979527e+05   1.5842749e+09
 6.3979527e+05   1.5842749e+09
 6.9362747e+05   1.5855316e+09
 6.9362747e+05   1.5855316e+09
 6.9362747e+05   1.5855316e+09
 6.9362747e+05   1.5855316e+09
 7.4132022e+05   1.5864455e+09
 7.4132022e+05   1.5864455e+09
 7.4132022e+05   1.5864455e+09
 7.4132022e+05   1.5864455e+09
 7.8375600e+05   1.5870333e+09
 7.8375600e+05   1.5870333e+09
 7.8375600e+05   1.5870333e+09
 7.8375600e+05   1.5870333e+09
 8.2193599e+05   1.5873183e+09
 8.2193599e+05   1.5873183e+09
 8.2193599e+05   1.5873183e+09
 8.2193599e+05   1.5873183e+09
 8.5646588e+05   1.5873228e+09
 8.5646588e+05   1.5873228e+09
 8.5646588e+05   1.5873228e+09
 8.5646588e+05   1.5873228e+09
 8.8756463e+05   1.5870972e+09
 8.8756463e+05   1.5870972e+09
 8.8756463e+05   1.5870972e+09
 8.8756463e+05   1.5870972e+09
 9.1575303e+05   1.5866872e+09
 9.1575303e+05   1.5866872e+09
 9.1575303e+05   1.5866872e+09
 9.1575303e+05   1.5866872e+09
 9.4133074e+05   1.5861337e+09
 9.4133074e+05   1.5861337e+09
 9.4133074e+05   1.5861337e+09
 9.4133074e+05   1.5861337e+09
 9.6452678e+05   1.5855052e+09
 9.6452678e+05   1.5855052e+09
 9.6452678e+05   1.5855052e+09
 9.6452678e+05   1.5855052e+09
 9.8554337e+05   1.5848806e+09
 9.8554337e+05   1.5848806e+09
 9.8554337e+05   1.5848806e+09
 9.8554337e+05   1.5848806e+09
 1.0044896e+06   1.5843468e+09
 1.0044896e+06   1.5843468e+09
 1.0044896e+06   1.5843468e+09
 1.0044896e+06   1.5843468e+09
 1.0216191e+06   1.5839962e+09
 1.0216191e+06   1.5839962e+09
 1.0216191e+06   1.5839962e+09
 1.0216191e+06   1.5839962e+09
 1.0370807e+06   1.5839406e+09
 1.0370807e+06   1.5839406e+09
 1.0370807e+06   1.5839406e+09
 1.0370807e+06   1.5839406e+09
 1.0510122e+06   1.5842794e+09
 1.0510122e+06   1.5842794e+09
 1.0510122e+06   1.5842794e+09
 1.0510122e+06   1.5842794e+09
 1.0635798e+06   1.5853629e+09
 1.0635798e+06   1.5853629e+09
 1.0635798e+06   1.5853629e+09
 1.0635798e+06   1.5853629e+09
 1.0748243e+06   1.5863440e+09
 1.0748243e+06   1.5863440e+09
 1.0748243e+06   1.5863440e+09
 1.0748243e+06   1.5863440e+09
 1.0849056e+06   1.5923624e+09
 1.0849056e+06   1.5923624e+09
 1.0849056e+06   1.5923624e+09
 1.0849056e+06   1.5923624e+09
 1.0939324e+06   1.5833421e+09
 1.0939324e+06   1.5833421e+09
 1.0939324e+06   1.5833421e+09
 1.0939324e+06   1.5833421e+09
 1.1020088e+06   1.6349354e+09
 1.1020088e+06   1.6349354e+09
 1.1020088e+06   1.6349354e+09
 1.1020088e+06   1.6349354e+09
 1.1092305e+06   1.4552218e+09
 1.1092305e+06   1.4552218e+09
 1.1092305e+06   1.4552218e+09
 1.1092305e+06   1.4552218e+09
 1.1156888e+06   1.6691766e+09
 1.1156888e+06   1.6691766e+09
 1.1156888e+06   1.6691766e+09
 1.1156888e+06   1.6691766e+09
 1.1214679e+06   1.6683633e+09
 1.1214679e+06   1.6683633e+09
 1.1214679e+06   1.6683633e+09
 1.1214679e+06   1.6683633e+09
 1.1266464e+06   1.6651063e+09
 1.1266464e+06   1.6651063e+09
 1.1266464e+06   1.6651063e+09
 1.1266464e+06   1.6651063e+09
 1.1312958e+06   1.6635710e+09
 1.1312958e+06   1.6635710e+09
 1.1312958e+06   1.6635710e+09
 1.1312958e+06   1.6635710e+09
 1.1354835e+06   1.6623164e+09
 1.1354835e+06   1.6623164e+09
 1.1354835e+06   1.6623164e+09
 1.1354835e+06   1.6623164e+09
 1.1392663e+06   1.6617601e+09
 1.1392663e+06   1.6617601e+09
 1.1392663e+06   1.6617601e+09
 1.1392663e+06   1.6617601e+09
 1.1426910e+06   1.6613153e+09
 1.1426910e+06   1.6613153e+09
 1.1426910e+06   1.6613153e+09
 1.1426910e+06   1.6613153e+09
 1.1457852e+06   1.6693189e+09
 1.1457852e+06   1.6693189e+09
 1.1457852e+06   1.6693189e+09
 1.1457852e+06   1.6693189e+09
 1.1485492e+06   1.6008751e+09
 1.1485492e+06   1.6008751e+09
 1.1485492e+06   1.6008751e+09
 1.1485492e+06   1.6008751e+09
 1.1509533e+06   1.9883499e+09
 1.1509533e+06   1.9883499e+09
 1.1509533e+06   1.9883499e+09
 1.1509533e+06   1.9883499e+09
 1.1529554e+06   3.8963959e+09
 1.1529554e+06   3.8963959e+09
 1.1529554e+06   3.8963959e+09
 1.1529554e+06   3.8963959e+09
 1.1545487e+06   3.7306969e+09
 1.1545487e+06   3.7306969e+09
 1.1545487e+06   3.7306969e+09
 1.1545487e+06   3.7306969e+09
 1.1557993e+06   3.7293770e+09
 1.1557993e+06   3.7293770e+09
 1.1557993e+06   3.7293770e+09
 1.1557993e+06   3.7293770e+09
 1.1568239e+06   3.7111234e+09
 1.1568239e+06   3.7111234e+09
 1.1568239e+06   3.7111234e+09
 1.1568239e+06   3.7111234e+09
 1.1577327e+06   3.6891579e+09
 1.1577327e+06   3.6891579e+09
 1.1577327e+06   3.6891579e+09
 1.1577327e+06   3.6891579e+09
 1.1585946e+06   3.6692360e+09
 1.1585946e+06   3.6692360e+09
 1.1585946e+06   3.6692360e+09
 1.1585946e+06   3.6692360e+09
 1.1594392e+06   3.6493123e+09
 1.1594392e+06   3.6493123e+09
 1.1594392e+06   3.6493123e+09
 1.1594392e+06   3.6493123e+09
 1.1602731e+06   3.6297516e+09
 1.1602731e+06   3.6297516e+09
 1.1602731e+06   3.6297516e+09
 1.1602731e+06   3.6297516e+09
 1.1610938e+06   3.6106054e+09
 1.1610938e+06   3.6106054e+09
 1.1610938e+06   3.6106054e+09
 1.1610938e+06   3.6106054e+09
 1.1618896e+06   3.5920700e+09
 1.1618896e+06   3.5920700e+09
 1.1618896e+06   3.5920700e+09
 1.1618896e+06   3.5920700e+09
 1.1626717e+06   3.5737703e+09
 1.1626717e+06   3.5737703e+09
 1.1626717e+06   3.5737703e+09
 1.1626717e+06   3.5737703e+09
 1.1634310e+06   3.5559236e+09
 1.1634310e+06   3.5559236e+09
 1.1634310e+06   3.5559236e+09
 1.1634310e+06   3.5559236e+09
 1.1641686e+06   3.5385206e+09
 1.1641686e+06   3.5385206e+09
 1.1641686e+06   3.5385206e+09
 1.1641686e+06   3.5385206e+09
 1.1648842e+06   3.5216657e+09
 1.1648842e+06   3.5216657e+09
 1.1648842e+06   3.5216657e+09
 1.1648842e+06   3.5216657e+09
 1.1655780e+06   3.5053424e+09
 1.1655780e+06   3.5053424e+09
 1.1655780e+06   3.5053424e+09
 1.1655780e+06   3.5053424e+09
 1.1662559e+06   3.4895123e+09
 1.1662559e+06   3.4895123e+09
 1.1662559e+06   3.4895123e+09
 1.1662559e+06   3.4895123e+09
 1.1669115e+06   3.4743483e+09
 1.1669115e+06   3.4743483e+09
 1.1669115e+06   3.4743483e+09
 1.1669115e+06   3.4743483e+09
 1.1675594e+06   3.4595267e+09
 1.1675594e+06   3.4595267e+09
 1.1675594e+06   3.4595267e+09
 1.1675594e+06   3.4595267e+09
 1.1681846e+06   3.4455931e+09
 1.1681846e+06   3.4455931e+09
 1.1681846e+06   3.4455931e+09
 1.1681846e+06   3.4455931e+09
 1.1688093e+06   3.4318051e+09
 1.1688093e+06   3.4318051e+09
 1.1688093e+06   3.4318051e+09
 1.1688093e+06   3.4318051e+09
 1.1694120e+06   3.4190892e+09
 1.1694120e+06   3.4190892e+09
 1.1694120e+06   3.4190892e+09
 1.1694120e+06   3.4190892e+09
 1.1700150e+06   3.4064571e+09
 1.1700150e+06   3.4064571e+09
 1.1700150e+06   3.4064571e+09
 1.1700150e+06   3.4064571e+09
 1.1706060e+06   3.3948092e+09
 1.1706060e+06   3.3948092e+09
 1.1706060e+06   3.3948092e+09
 1.1706060e+06   3.3948092e+09
 1.1711934e+06   3.3834845e+09
 1.1711934e+06   3.3834845e+09
 1.1711934e+06   3.3834845e+09
 1.1711934e+06   3.3834845e+09
 1.1717764e+06   3.3727817e+09
 1.1717764e+06   3.3727817e+09
 1.1717764e+06   3.3727817e+09
 1.1717764e+06   3.3727817e+09
 1.1723539e+06   3.3627306e+09
 1.1723539e+06   3.3627306e+09
 1.1723539e+06   3.3627306e+09
 1.1723539e+06   3.3627306e+09
 1.1729308e+06   3.3529643e+09
 1.1729308e+06   3.3529643e+09
 1.1729308e+06   3.3529643e+09
 1.1729308e+06   3.3529643e+09
 1.1735024e+06   3.3442090e+09
 1.1735024e+06   3.3442090e+09
 1.1735024e+06   3.3442090e+09
 1.1735024e+06   3.3442090e+09
 1.1740744e+06   3.3355333e+09
 1.1740744e+06   3.3355333e+09
 1.1740744e+06   3.3355333e+09
 1.1740744e+06   3.3355333e+09
 1.1746432e+06   3.3278380e+09
 1.1746432e+06   3.3278380e+09
 1.1746432e+06   3.3278380e+09
 1.1746432e+06   3.3278380e+09
 1.1752118e+06   3.3203798e+09
 1.1752118e+06   3.3203798e+09
 1.1752118e+06   3.3203798e+09
 1.1752118e+06   3.3203798e+09
 1.1757792e+06   3.3136348e+09
 1.1757792e+06   3.3136348e+09
 1.1757792e+06   3.3136348e+09
 1.1757792e+06   3.3136348e+09
 1.1763458e+06   3.3074006e+09
 1.1763458e+06   3.3074006e+09
 1.1763458e+06   3.3074006e+09
 1.1763458e+06   3.3074006e+09
 1.1769119e+06   3.3015654e+09
 1.1769119e+06   3.3015654e+09
 1.1769119e+06   3.3015654e+09
 1.1769119e+06   3.3015654e+09
 1.1774769e+06   3.2965173e+09
 1.1774769e+06   3.2965173e+09
 1.1774769e+06   3.2965173e+09
 1.1774769e+06   3.2965173e+09
 1.1780420e+06   3.2916526e+09
 1.1780420e+06   3.2916526e+09
 1.1780420e+06   3.2916526e+09
 1.1780420e+06   3.2916526e+09
 1.1786051e+06   3.2876915e+09
 1.1786051e+06   3.2876915e+09
 1.1786051e+06   3.2876915e+09
 1.1786051e+06   3.2876915e+09
 1.1791685e+06   3.2838538e+09
 1.1791685e+06   3.2838538e+09
 1.1791685e+06   3.2838538e+09
 1.1791685e+06   3.2838538e+09
 1.1797297e+06   3.2808697e+09
 1.1797297e+06   3.2808697e+09
 1.1797297e+06   3.2808697e+09
 1.1797297e+06   3.2808697e+09
 1.1802906e+06   3.2780819e+09
 1.1802906e+06   3.2780819e+09
 1.1802906e+06   3.2780819e+09
 1.1802906e+06   3.2780819e+09
 1.1808491e+06   3.2760243e+09
 1.1808491e+06   3.2760243e+09
 1.1808491e+06   3.2760243e+09
 1.1808491e+06   3.2760243e+09
 1.1814067e+06   3.2742919e+09
 1.1814067e+06   3.2742919e+09
 1.1814067e+06   3.2742919e+09
 1.1814067e+06   3.2742919e+09
 1.1819618e+06   3.2731117e+09
 1.1819618e+06   3.2731117e+09
 1.1819618e+06   3.2731117e+09
 1.1819618e+06   3.2731117e+09
 1.1825149e+06   3.2723746e+09
 1.1825149e+06   3.2723746e+09
 1.1825149e+06   3.2723746e+09
 1.1825149e+06   3.2723746e+09
 1.1830657e+06   3.2720674e+09
 1.1830657e+06   3.2720674e+09
 1.1830657e+06   3.2720674e+09
 1.1830657e+06   3.2720674e+09
 1.1836131e+06   3.2722781e+09
 1.1836131e+06   3.2722781e+09
 1.1836131e+06   3.2722781e+09
 1.1836131e+06   3.2722781e+09
 1.1841586e+06   3.2728313e+09
 1.1841586e+06   3.2728313e+09
 1.1841586e+06   3.2728313e+09
 1.1841586e+06   3.2728313e+09
 1.1846993e+06   3.2739429e+09
 1.1846993e+06   3.2739429e+09
 1.1846993e+06   3.2739429e+09
 1.1846993e+06   3.2739429e+09
 1.1852383e+06   3.2753386e+09
 1.1852383e+06   3.2753386e+09
 1.1852383e+06   3.2753386e+09
 1.1852383e+06   3.2753386e+09
 1.1857713e+06   3.2773063e+09
 1.1857713e+06   3.2773063e+09
 1.1857713e+06   3.2773063e+09
 1.1857713e+06   3.2773063e+09
 1.1863028e+06   3.2795217e+09
 1.1863028e+06   3.2795217e+09
 1.1863028e+06   3.2795217e+09
 1.1863028e+06   3.2795217e+09
 1.1868270e+06   3.2823018e+09
 1.1868270e+06   3.2823018e+09
 1.1868270e+06   3.2823018e+09
 1.1868270e+06   3.2823018e+09
 1.1873500e+06   3.2853123e+09
 1.1873500e+06   3.2853123e+09
 1.1873500e+06   3.2853123e+09
 1.1873500e+06   3.2853123e+09
 1.1878646e+06   3.2888589e+09
 1.1878646e+06   3.2888589e+09
 1.1878646e+06   3.2888589e+09
 1.1878646e+06   3.2888589e+09
 1.1883779e+06   3.2926371e+09
 1.1883779e+06   3.2926371e+09
 1.1883779e+06   3.2926371e+09
 1.1883779e+06   3.2926371e+09
 1.1888821e+06   3.2969098e+09
 1.1888821e+06   3.2969098e+09
 1.1888821e+06   3.2969098e+09
 1.1888821e+06   3.2969098e+09
 1.1893850e+06   3.3013664e+09
 1.1893850e+06   3.3013664e+09
 1.1893850e+06   3.3013664e+09
 1.1893850e+06   3.3013664e+09
 1.1898779e+06   3.3067765e+09
 1.1898779e+06   3.3067765e+09
 1.1898779e+06   3.3067765e+09
 1.1898779e+06   3.3067765e+09
 1.1903696e+06   3.3087933e+09
 1.1903696e+06   3.3087933e+09
 1.1903696e+06   3.3087933e+09
 1.1903696e+06   3.3087933e+09
 1.1908508e+06   3.2976405e+09
 1.1908508e+06   3.2976405e+09
 1.1908508e+06   3.2976405e+09
 1.1908508e+06   3.2976405e+09
 1.1913305e+06   3.2899399e+09
 1.1913305e+06   3.2899399e+09
 1.1913305e+06   3.2899399e+09
 1.1913305e+06   3.2899399e+09
 1.1917993e+06   3.2953135e+09
 1.1917993e+06   3.2953135e+09
 1.1917993e+06   3.2953135e+09
 1.1917993e+06   3.2953135e+09
 1.1922666e+06   3.3011748e+09
 1.1922666e+06   3.3011748e+09
 1.1922666e+06   3.3011748e+09
 1.1922666e+06   3.3011748e+09
 1.1927226e+06   3.3071873e+09
 1.1927226e+06   3.3071873e+09
 1.1927226e+06   3.3071873e+09
 1.1927226e+06   3.3071873e+09
 1.1931769e+06   3.3134530e+09
 1.1931769e+06   3.3134530e+09
 1.1931769e+06   3.3134530e+09
 1.1931769e+06   3.3134530e+09
 1.1936197e+06   3.3199459e+09
 1.1936197e+06   3.3199459e+09
 1.1936197e+06   3.3199459e+09
 1.1936197e+06   3.3199459e+09
 1.1940608e+06   3.3266525e+09
 1.1940608e+06   3.3266525e+09
 1.1940608e+06   3.3266525e+09
 1.1940608e+06   3.3266525e+09
 1.1944901e+06   3.3335511e+09
 1.1944901e+06   3.3335511e+09
 1.1944901e+06   3.3335511e+09
 1.1944901e+06   3.3335511e+09
 1.1949177e+06   3.3406564e+09
 1.1949177e+06   3.3406564e+09
 1.1949177e+06   3.3406564e+09
 1.1949177e+06   3.3406564e+09
 1.1953332e+06   3.3479092e+09
 1.1953332e+06   3.3479092e+09
 1.1953332e+06   3.3479092e+09
 1.1953332e+06   3.3479092e+09
 1.1957473e+06   3.3553648e+09
 1.1957473e+06   3.3553648e+09
 1.1957473e+06   3.3553648e+09
 1.1957473e+06   3.3553648e+09
 1.1961489e+06   3.3629198e+09
 1.1961489e+06   3.3629198e+09
 1.1961489e+06   3.3629198e+09
 1.1961489e+06   3.3629198e+09
 1.1965495e+06   3.3706778e+09
 1.1965495e+06   3.3706778e+09
 1.1965495e+06   3.3706778e+09
 1.1965495e+06   3.3706778e+09
 1.1969370e+06   3.3784806e+09
 1.1969370e+06   3.3784806e+09
 1.1969370e+06   3.3784806e+09
 1.1969370e+06   3.3784806e+09
 1.1973242e+06   3.3864907e+09
 1.1973242e+06   3.3864907e+09
 1.1973242e+06   3.3864907e+09
 1.1973242e+06   3.3864907e+09
 1.1976976e+06   3.3944828e+09
 1.1976976e+06   3.3944828e+09
 1.1976976e+06   3.3944828e+09
 1.1976976e+06   3.3944828e+09
 1.1980710e+06   3.4026781e+09
 1.1980710e+06   3.4026781e+09
 1.1980710e+06   3.4026781e+09
 1.1980710e+06   3.4026781e+09
 1.1984309e+06   3.4108169e+09
 1.1984309e+06   3.4108169e+09
 1.1984309e+06   3.4108169e+09
 1.1984309e+06   3.4108169e+09
 1.1987901e+06   3.4191287e+09
 1.1987901e+06   3.4191287e+09
 1.1987901e+06   3.4191287e+09
 1.1987901e+06   3.4191287e+09
 1.1991374e+06   3.4273721e+09
 1.1991374e+06   3.4273721e+09
 1.1991374e+06   3.4273721e+09
 1.1991374e+06   3.4273721e+09
 1.1994825e+06   3.4357367e+09
 1.1994825e+06   3.4357367e+09
 1.1994825e+06   3.4357367e+09
 1.1994825e+06   3.4357367e+09
 1.1998178e+06   3.4440359e+09
 1.1998178e+06   3.4440359e+09
 1.1998178e+06   3.4440359e+09
 1.1998178e+06   3.4440359e+09
 1.2001486e+06   3.4523842e+09
 1.2001486e+06   3.4523842e+09
 1.2001486e+06   3.4523842e+09
 1.2001486e+06   3.4523842e+09
 1.2004727e+06   3.4606952e+09
 1.2004727e+06   3.4606952e+09
 1.2004727e+06   3.4606952e+09
 1.2004727e+06   3.4606952e+09
 1.2007895e+06   3.4689523e+09
 1.2007895e+06   3.4689523e+09
 1.2007895e+06   3.4689523e+09
 1.2007895e+06   3.4689523e+09
 1.2011032e+06   3.4772381e+09
 1.2011032e+06   3.4772381e+09
 1.2011032e+06   3.4772381e+09
 1.2011032e+06   3.4772381e+09
 1.2014061e+06   3.4853225e+09
 1.2014061e+06   3.4853225e+09
 1.2014061e+06   3.4853225e+09
 1.2014061e+06   3.4853225e+09
 1.2017091e+06   3.4935090e+09
 1.2017091e+06   3.4935090e+09
 1.2017091e+06   3.4935090e+09
 1.2017091e+06   3.4935090e+09
 1.2019996e+06   3.5013799e+09
 1.2019996e+06   3.5013799e+09
 1.2019996e+06   3.5013799e+09
 1.2019996e+06   3.5013799e+09
 1.2022889e+06   3.5092955e+09
 1.2022889e+06   3.5092955e+09
 1.2022889e+06   3.5092955e+09
 1.2022889e+06   3.5092955e+09
 1.2025714e+06   3.5170144e+09
 1.2025714e+06   3.5170144e+09
 1.2025714e+06   3.5170144e+09
 1.2025714e+06   3.5170144e+09
 1.2028473e+06   3.5245595e+09
 1.2028473e+06   3.5245595e+09
 1.2028473e+06   3.5245595e+09
 1.2028473e+06   3.5245595e+09
 1.2031232e+06   3.5321144e+09
 1.2031232e+06   3.5321144e+09
 1.2031232e+06   3.5321144e+09
 1.2031232e+06   3.5321144e+09
 1.2033860e+06   3.5391925e+09
 1.2033860e+06   3.5391925e+09
 1.2033860e+06   3.5391925e+09
 1.2033860e+06   3.5391925e+09
 1.2036489e+06   3.5462794e+09
 1.2036489e+06   3.5462794e+09
 1.2036489e+06   3.5462794e+09
 1.2036489e+06   3.5462794e+09
 1.2039069e+06   3.5531034e+09
 1.2039069e+06   3.5531034e+09
 1.2039069e+06   3.5531034e+09
 1.2039069e+06   3.5531034e+09
 1.2041570e+06   3.5595761e+09
 1.2041570e+06   3.5595761e+09
 1.2041570e+06   3.5595761e+09
 1.2041570e+06   3.5595761e+09
 1.2044073e+06   3.5660074e+09
 1.2044073e+06   3.5660074e+09
 1.2044073e+06   3.5660074e+09
 1.2044073e+06   3.5660074e+09
 1.2046497e+06   3.5719406e+09
 1.2046497e+06   3.5719406e+09
 1.2046497e+06   3.5719406e+09
 1.2046497e+06   3.5719406e+09
 1.2048877e+06   3.5776033e+09
 1.2048877e+06   3.5776033e+09
 1.2048877e+06   3.5776033e+09
 1.2048877e+06   3.5776033e+09
 1.2051257e+06   3.5831610e+09
 1.2051257e+06   3.5831610e+09
 1.2051257e+06   3.5831610e+09
 1.2051257e+06   3.5831610e+09
 1.2053553e+06   3.5880819e+09
 1.2053553e+06   3.5880819e+09
 1.2053553e+06   3.5880819e+09
 1.2053553e+06   3.5880819e+09
 1.2055815e+06   3.5927054e+09
 1.2055815e+06   3.5927054e+09
 1.2055815e+06   3.5927054e+09
 1.2055815e+06   3.5927054e+09
 1.2058078e+06   3.5971750e+09
 1.2058078e+06   3.5971750e+09
 1.2058078e+06   3.5971750e+09
 1.2058078e+06   3.5971750e+09
 1.2060275e+06   3.6009651e+09
 1.2060275e+06   3.6009651e+09
 1.2060275e+06   3.6009651e+09
 1.2060275e+06   3.6009651e+09
 1.2062425e+06   3.6042920e+09
 1.2062425e+06   3.6042920e+09
 1.2062425e+06   3.6042920e+09
 1.2062425e+06   3.6042920e+09
 1.2064575e+06   3.6074457e+09
 1.2064575e+06   3.6074457e+09
 1.2064575e+06   3.6074457e+09
 1.2064575e+06   3.6074457e+09
 1.2066704e+06   3.6100323e+09
 1.2066704e+06   3.6100323e+09
 1.2066704e+06   3.6100323e+09
 1.2066704e+06   3.6100323e+09
 1.2068745e+06   3.6117723e+09
 1.2068745e+06   3.6117723e+09
 1.2068745e+06   3.6117723e+09
 1.2068745e+06   3.6117723e+09
 1.2070785e+06   3.6132460e+09
 1.2070785e+06   3.6132460e+09
 1.2070785e+06   3.6132460e+09
 1.2070785e+06   3.6132460e+09
 1.2072826e+06   3.6143823e+09
 1.2072826e+06   3.6143823e+09
 1.2072826e+06   3.6143823e+09
 1.2072826e+06   3.6143823e+09
 1.2074815e+06   3.6145427e+09
 1.2074815e+06   3.6145427e+09
 1.2074815e+06   3.6145427e+09
 1.2074815e+06   3.6145427e+09
 1.2076743e+06   3.6138937e+09
 1.2076743e+06   3.6138937e+09
 1.2076743e+06   3.6138937e+09
 1.2076743e+06   3.6138937e+09
 1.2078671e+06   3.6129325e+09
 1.2078671e+06   3.6129325e+09
 1.2078671e+06   3.6129325e+09
 1.2078671e+06   3.6129325e+09
 1.2080600e+06   3.6115224e+09
 1.2080600e+06   3.6115224e+09
 1.2080600e+06   3.6115224e+09
 1.2080600e+06   3.6115224e+09
 1.2082494e+06   3.6089100e+09
 1.2082494e+06   3.6089100e+09
 1.2082494e+06   3.6089100e+09
 1.2082494e+06   3.6089100e+09
 1.2084301e+06   3.6051036e+09
 1.2084301e+06   3.6051036e+09
 1.2084301e+06   3.6051036e+09
 1.2084301e+06   3.6051036e+09
 1.2086108e+06   3.6007715e+09
 1.2086108e+06   3.6007715e+09
 1.2086108e+06   3.6007715e+09
 1.2086108e+06   3.6007715e+09
 1.2087915e+06   3.5961258e+09
 1.2087915e+06   3.5961258e+09
 1.2087915e+06   3.5961258e+09
 1.2087915e+06   3.5961258e+09
 1.2089723e+06   3.5907390e+09
 1.2089723e+06   3.5907390e+09
 1.2089723e+06   3.5907390e+09
 1.2089723e+06   3.5907390e+09
 1.2091559e+06   3.5835118e+09
 1.2091559e+06   3.5835118e+09
 1.2091559e+06   3.5835118e+09
 1.2091559e+06   3.5835118e+09
 1.2093434e+06   3.5745217e+09
 1.2093434e+06   3.5745217e+09
 1.2093434e+06   3.5745217e+09
 1.2093434e+06   3.5745217e+09
 1.2095308e+06   3.5649014e+09
 1.2095308e+06   3.5649014e+09
 1.2095308e+06   3.5649014e+09
 1.2095308e+06   3.5649014e+09
 1.2097183e+06   3.5550582e+09
 1.2097183e+06   3.5550582e+09
 1.2097183e+06   3.5550582e+09
 1.2097183e+06   3.5550582e+09
 1.2099058e+06   3.5449253e+09
 1.2099058e+06   3.5449253e+09
 1.2099058e+06   3.5449253e+09
 1.2099058e+06   3.5449253e+09
 1.2101110e+06   3.5334044e+09
 1.2101110e+06   3.5334044e+09
 1.2101110e+06   3.5334044e+09
 1.2101110e+06   3.5334044e+09
 1.2103899e+06   3.5185153e+09
 1.2103899e+06   3.5185153e+09
 1.2103899e+06   3.5185153e+09
 1.2103899e+06   3.5185153e+09
 1.2106688e+06   3.4983513e+09
 1.2106688e+06   3.4983513e+09
 1.2106688e+06   3.4983513e+09
 1.2106688e+06   3.4983513e+09
 1.2109478e+06   3.4069065e+09
 1.2109478e+06   3.4069065e+09
 1.2109478e+06   3.4069065e+09
 1.2109478e+06   3.4069065e+09
 1.2112686e+06   3.0234034e+09
 1.2112686e+06   3.0234034e+09
 1.2112686e+06   3.0234034e+09
 1.2112686e+06   3.0234034e+09
 1.2116708e+06   2.4941698e+09
 1.2116708e+06   2.4941698e+09
 1.2116708e+06   2.4941698e+09
 1.2116708e+06   2.4941698e+09
 1.2120730e+06   2.1777389e+09
 1.2120730e+06   2.1777389e+09
 1.2120730e+06   2.1777389e+09
 1.2120730e+06   2.1777389e+09
 1.2125155e+06   1.9913249e+09
 1.2125155e+06   1.9913249e+09
 1.2125155e+06   1.9913249e+09
 1.2125155e+06   1.9913249e+09
 1.2129857e+06   1.8812884e+09
 1.2129857e+06   1.8812884e+09
 1.2129857e+06   1.8812884e+09
 1.2129857e+06   1.8812884e+09
 1.2134612e+06   1.8181444e+09
 1.2134612e+06   1.8181444e+09
 1.2134612e+06   1.8181444e+09
 1.2134612e+06   1.8181444e+09
 1.2139522e+06   1.7816080e+09
 1.2139522e+06   1.7816080e+09
 1.2139522e+06   1.7816080e+09
 1.2139522e+06   1.7816080e+09
 1.2144432e+06   1.7612914e+09
 1.2144432e+06   1.7612914e+09
 1.2144432e+06   1.7612914e+09
 1.2144432e+06   1.7612914e+09
 1.2149308e+06   1.7496919e+09
 1.2149308e+06   1.7496919e+09
 1.2149308e+06   1.7496919e+09
 1.2149308e+06   1.7496919e+09
 1.2154186e+06   1.7424023e+09
 1.2154186e+06   1.7424023e+09
 1.2154186e+06   1.7424023e+09
 1.2154186e+06   1.7424023e+09
 1.2158958e+06   1.7372991e+09
 1.2158958e+06   1.7372991e+09
 1.2158958e+06   1.7372991e+09
 1.2158958e+06   1.7372991e+09
 1.2163714e+06   1.7331662e+09
 1.2163714e+06   1.7331662e+09
 1.2163714e+06   1.7331662e+09
 1.2163714e+06   1.7331662e+09
 1.2168383e+06   1.7296059e+09
 1.2168383e+06   1.7296059e+09
 1.2168383e+06   1.7296059e+09
 1.2168383e+06   1.7296059e+09
 1.2173009e+06   1.7263900e+09
 1.2173009e+06   1.7263900e+09
 1.2173009e+06   1.7263900e+09
 1.2173009e+06   1.7263900e+09
 1.2177585e+06   1.7234665e+09
 1.2177585e+06   1.7234665e+09
 1.2177585e+06   1.7234665e+09
 1.2177585e+06   1.7234665e+09
 1.2182100e+06   1.7208268e+09
 1.2182100e+06   1.7208268e+09
 1.2182100e+06   1.7208268e+09
 1.2182100e+06   1.7208268e+09
 1.2186597e+06   1.7184464e+09
 1.2186597e+06   1.7184464e+09
 1.2186597e+06   1.7184464e+09
 1.2186597e+06   1.7184464e+09
 1.2191024e+06   1.7163656e+09
 1.2191024e+06   1.7163656e+09
 1.2191024e+06   1.7163656e+09
 1.2191024e+06   1.7163656e+09
 1.2195452e+06   1.7145508e+09
 1.2195452e+06   1.7145508e+09
 1.2195452e+06   1.7145508e+09
 1.2195452e+06   1.7145508e+09
 1.2199812e+06   1.7130489e+09
 1.2199812e+06   1.7130489e+09
 1.2199812e+06   1.7130489e+09
 1.2199812e+06   1.7130489e+09
 1.2204171e+06   1.7118339e+09
 1.2204171e+06   1.7118339e+09
 1.2204171e+06   1.7118339e+09
 1.2204171e+06   1.7118339e+09
 1.2208487e+06   1.7109383e+09
 1.2208487e+06   1.7109383e+09
 1.2208487e+06   1.7109383e+09
 1.2208487e+06   1.7109383e+09
 1.2212788e+06   1.7103558e+09
 1.2212788e+06   1.7103558e+09
 1.2212788e+06   1.7103558e+09
 1.2212788e+06   1.7103558e+09
 1.2217064e+06   1.7101011e+09
 1.2217064e+06   1.7101011e+09
 1.2217064e+06   1.7101011e+09
 1.2217064e+06   1.7101011e+09
 1.2221313e+06   1.7101814e+09
 1.2221313e+06   1.7101814e+09
 1.2221313e+06   1.7101814e+09
 1.2221313e+06   1.7101814e+09
 1.2225549e+06   1.7106060e+09
 1.2225549e+06   1.7106060e+09
 1.2225549e+06   1.7106060e+09
 1.2225549e+06   1.7106060e+09
 1.2229748e+06   1.7113866e+09
 1.2229748e+06   1.7113866e+09
 1.2229748e+06   1.7113866e+09
 1.2229748e+06   1.7113866e+09
 1.2233944e+06   1.7125346e+09
 1.2233944e+06   1.7125346e+09
 1.2233944e+06   1.7125346e+09
 1.2233944e+06   1.7125346e+09
 1.2238091e+06   1.7140556e+09
 1.2238091e+06   1.7140556e+09
 1.2238091e+06   1.7140556e+09
 1.2238091e+06   1.7140556e+09
 1.2242240e+06   1.7159706e+09
 1.2242240e+06   1.7159706e+09
 1.2242240e+06   1.7159706e+09
 1.2242240e+06   1.7159706e+09
 1.2246341e+06   1.7182774e+09
 1.2246341e+06   1.7182774e+09
 1.2246341e+06   1.7182774e+09
 1.2246341e+06   1.7182774e+09
 1.2250436e+06   1.7210039e+09
 1.2250436e+06   1.7210039e+09
 1.2250436e+06   1.7210039e+09
 1.2250436e+06   1.7210039e+09
 1.2254492e+06   1.7241490e+09
 1.2254492e+06   1.7241490e+09
 1.2254492e+06   1.7241490e+09
 1.2254492e+06   1.7241490e+09
 1.2258530e+06   1.7277375e+09
 1.2258530e+06   1.7277375e+09
 1.2258530e+06   1.7277375e+09
 1.2258530e+06   1.7277375e+09
 1.2262538e+06   1.7317755e+09
 1.2262538e+06   1.7317755e+09
 1.2262538e+06   1.7317755e+09
 1.2262538e+06   1.7317755e+09
 1.2266516e+06   1.7362779e+09
 1.2266516e+06   1.7362779e+09
 1.2266516e+06   1.7362779e+09
 1.2266516e+06   1.7362779e+09
 1.2270473e+06   1.7412698e+09
 1.2270473e+06   1.7412698e+09
 1.2270473e+06   1.7412698e+09
 1.2270473e+06   1.7412698e+09
 1.2274388e+06   1.7467448e+09
 1.2274388e+06   1.7467448e+09
 1.2274388e+06   1.7467448e+09
 1.2274388e+06   1.7467448e+09
 1.2278292e+06   1.7527589e+09
 1.2278292e+06   1.7527589e+09
 1.2278292e+06   1.7527589e+09
 1.2278292e+06   1.7527589e+09
 1.2282142e+06   1.7592721e+09
 1.2282142e+06   1.7592721e+09
 1.2282142e+06   1.7592721e+09
 1.2282142e+06   1.7592721e+09
 1.2285989e+06   1.7663838e+09
 1.2285989e+06   1.7663838e+09
 1.2285989e+06   1.7663838e+09
 1.2285989e+06   1.7663838e+09
 1.2289771e+06   1.7740049e+09
 1.2289771e+06   1.7740049e+09
 1.2289771e+06   1.7740049e+09
 1.2289771e+06   1.7740049e+09
 1.2293555e+06   1.7822826e+09
 1.2293555e+06   1.7822826e+09
 1.2293555e+06   1.7822826e+09
 1.2293555e+06   1.7822826e+09
 1.2297273e+06   1.7910989e+09
 1.2297273e+06   1.7910989e+09
 1.2297273e+06   1.7910989e+09
 1.2297273e+06   1.7910989e+09
 1.2300986e+06   1.8006149e+09
 1.2300986e+06   1.8006149e+09
 1.2300986e+06   1.8006149e+09
 1.2300986e+06   1.8006149e+09
 1.2304643e+06   1.8107243e+09
 1.2304643e+06   1.8107243e+09
 1.2304643e+06   1.8107243e+09
 1.2304643e+06   1.8107243e+09
 1.2308286e+06   1.8215663e+09
 1.2308286e+06   1.8215663e+09
 1.2308286e+06   1.8215663e+09
 1.2308286e+06   1.8215663e+09
 1.2311879e+06   1.8330653e+09
 1.2311879e+06   1.8330653e+09
 1.2311879e+06   1.8330653e+09
 1.2311879e+06   1.8330653e+09
 1.2315450e+06   1.8453268e+09
 1.2315450e+06   1.8453268e+09
 1.2315450e+06   1.8453268e+09
 1.2315450e+06   1.8453268e+09
 1.2318979e+06   1.8583181e+09
 1.2318979e+06   1.8583181e+09
 1.2318979e+06   1.8583181e+09
 1.2318979e+06   1.8583181e+09
 1.2322477e+06   1.8720839e+09
 1.2322477e+06   1.8720839e+09
 1.2322477e+06   1.8720839e+09
 1.2322477e+06   1.8720839e+09
 1.2325942e+06   1.8866300e+09
 1.2325942e+06   1.8866300e+09
 1.2325942e+06   1.8866300e+09
 1.2325942e+06   1.8866300e+09
 1.2329367e+06   1.9019487e+09
 1.2329367e+06   1.9019487e+09
 1.2329367e+06   1.9019487e+09
 1.2329367e+06   1.9019487e+09
 1.2332767e+06   1.9181304e+09
 1.2332767e+06   1.9181304e+09
 1.2332767e+06   1.9181304e+09
 1.2332767e+06   1.9181304e+09
 1.2336119e+06   1.9350907e+09
 1.2336119e+06   1.9350907e+09
 1.2336119e+06   1.9350907e+09
 1.2336119e+06   1.9350907e+09
 1.2339453e+06   1.9530063e+09
 1.2339453e+06   1.9530063e+09
 1.2339453e+06   1.9530063e+09
 1.2339453e+06   1.9530063e+09
 1.2342732e+06   1.9716984e+09
 1.2342732e+06   1.9716984e+09
 1.2342732e+06   1.9716984e+09
 1.2342732e+06   1.9716984e+09
 1.2346001e+06   1.9914463e+09
 1.2346001e+06   1.9914463e+09
 1.2346001e+06   1.9914463e+09
 1.2346001e+06   1.9914463e+09
 1.2349208e+06   2.0119589e+09
 1.2349208e+06   2.0119589e+09
 1.2349208e+06   2.0119589e+09
 1.2349208e+06   2.0119589e+09
 1.2352411e+06   2.0336352e+09
 1.2352411e+06   2.0336352e+09
 1.2352411e+06   2.0336352e+09
 1.2352411e+06   2.0336352e+09
 1.2355546e+06   2.0560413e+09
 1.2355546e+06   2.0560413e+09
 1.2355546e+06   2.0560413e+09
 1.2355546e+06   2.0560413e+09
 1.2358681e+06   2.0796570e+09
 1.2358681e+06   2.0796570e+09
 1.2358681e+06   2.0796570e+09
 1.2358681e+06   2.0796570e+09
 1.2361748e+06   2.1039631e+09
 1.2361748e+06   2.1039631e+09
 1.2361748e+06   2.1039631e+09
 1.2361748e+06   2.1039631e+09
 1.2364812e+06   2.1294873e+09
 1.2364812e+06   2.1294873e+09
 1.2364812e+06   2.1294873e+09
 1.2364812e+06   2.1294873e+09
 1.2367814e+06   2.1557506e+09
 1.2367814e+06   2.1557506e+09
 1.2367814e+06   2.1557506e+09
 1.2367814e+06   2.1557506e+09
 1.2370808e+06   2.1832102e+09
 1.2370808e+06   2.1832102e+09
 1.2370808e+06   2.1832102e+09
 1.2370808e+06   2.1832102e+09
 1.2373748e+06   2.2114575e+09
 1.2373748e+06   2.2114575e+09
 1.2373748e+06   2.2114575e+09
 1.2373748e+06   2.2114575e+09
 1.2376672e+06   2.2408596e+09
 1.2376672e+06   2.2408596e+09
 1.2376672e+06   2.2408596e+09
 1.2376672e+06   2.2408596e+09
 1.2379549e+06   2.2710701e+09
 1.2379549e+06   2.2710701e+09
 1.2379549e+06   2.2710701e+09
 1.2379549e+06   2.2710701e+09
 1.2382405e+06   2.3023185e+09
 1.2382405e+06   2.3023185e+09
 1.2382405e+06   2.3023185e+09
 1.2382405e+06   2.3023185e+09
 1.2385220e+06   2.3343641e+09
 1.2385220e+06   2.3343641e+09
 1.2385220e+06   2.3343641e+09
 1.2385220e+06   2.3343641e+09
 1.2388009e+06   2.3673347e+09
 1.2388009e+06   2.3673347e+09
 1.2388009e+06   2.3673347e+09
 1.2388009e+06   2.3673347e+09
 1.2390764e+06   2.4011120e+09
 1.2390764e+06   2.4011120e+09
 1.2390764e+06   2.4011120e+09
 1.2390764e+06   2.4011120e+09
 1.2393486e+06   2.4356864e+09
 1.2393486e+06   2.4356864e+09
 1.2393486e+06   2.4356864e+09
 1.2393486e+06   2.4356864e+09
 1.2396181e+06   2.4710632e+09
 1.2396181e+06   2.4710632e+09
 1.2396181e+06   2.4710632e+09
 1.2396181e+06   2.4710632e+09
 1.2398838e+06   2.5070520e+09
 1.2398838e+06   2.5070520e+09
 1.2398838e+06   2.5070520e+09
 1.2398838e+06   2.5070520e+09
 1.2401474e+06   2.5437774e+09
 1.2401474e+06   2.5437774e+09
 1.2401474e+06   2.5437774e+09
 1.2401474e+06   2.5437774e+09
 1.2404068e+06   2.5809031e+09
 1.2404068e+06   2.5809031e+09
 1.2404068e+06   2.5809031e+09
 1.2404068e+06   2.5809031e+09
 1.2406645e+06   2.6187135e+09
 1.2406645e+06   2.6187135e+09
 1.2406645e+06   2.6187135e+09
 1.2406645e+06   2.6187135e+09
 1.2409177e+06   2.6567095e+09
 1.2409177e+06   2.6567095e+09
 1.2409177e+06   2.6567095e+09
 1.2409177e+06   2.6567095e+09
 1.2411697e+06   2.6953288e+09
 1.2411697e+06   2.6953288e+09
 1.2411697e+06   2.6953288e+09
 1.2411697e+06   2.6953288e+09
 1.2414167e+06   2.7338883e+09
 1.2414167e+06   2.7338883e+09
 1.2414167e+06   2.7338883e+09
 1.2414167e+06   2.7338883e+09
 1.2416631e+06   2.7729601e+09
 1.2416631e+06   2.7729601e+09
 1.2416631e+06   2.7729601e+09
 1.2416631e+06   2.7729601e+09
 1.2419041e+06   2.8116998e+09
 1.2419041e+06   2.8116998e+09
 1.2419041e+06   2.8116998e+09
 1.2419041e+06   2.8116998e+09
 1.2421449e+06   2.8508328e+09
 1.2421449e+06   2.8508328e+09
 1.2421449e+06   2.8508328e+09
 1.2421449e+06   2.8508328e+09
 1.2423781e+06   2.8890637e+09
 1.2423781e+06   2.8890637e+09
 1.2423781e+06   2.8890637e+09
 1.2423781e+06   2.8890637e+09
 1.2426114e+06   2.9275367e+09
 1.2426114e+06   2.9275367e+09
 1.2426114e+06   2.9275367e+09
 1.2426114e+06   2.9275367e+09
 1.2428447e+06   2.9661557e+09
 1.2428447e+06   2.9661557e+09
 1.2428447e+06   2.9661557e+09
 1.2428447e+06   2.9661557e+09
 1.2430725e+06   3.0039098e+09
 1.2430725e+06   3.0039098e+09
 1.2430725e+06   3.0039098e+09
 1.2430725e+06   3.0039098e+09
 1.2432963e+06   3.0409327e+09
 1.2432963e+06   3.0409327e+09
 1.2432963e+06   3.0409327e+09
 1.2432963e+06   3.0409327e+09
 1.2435201e+06   3.0777942e+09
 1.2435201e+06   3.0777942e+09
 1.2435201e+06   3.0777942e+09
 1.2435201e+06   3.0777942e+09
 1.2437429e+06   3.1142186e+09
 1.2437429e+06   3.1142186e+09
 1.2437429e+06   3.1142186e+09
 1.2437429e+06   3.1142186e+09
 1.2439576e+06   3.1489764e+09
 1.2439576e+06   3.1489764e+09
 1.2439576e+06   3.1489764e+09
 1.2439576e+06   3.1489764e+09
 1.2441723e+06   3.1833077e+09
 1.2441723e+06   3.1833077e+09
 1.2441723e+06   3.1833077e+09
 1.2441723e+06   3.1833077e+09
 1.2443870e+06   3.2171126e+09
 1.2443870e+06   3.2171126e+09
 1.2443870e+06   3.2171126e+09
 1.2443870e+06   3.2171126e+09
 1.2445959e+06   3.2493992e+09
 1.2445959e+06   3.2493992e+09
 1.2445959e+06   3.2493992e+09
 1.2445959e+06   3.2493992e+09
 1.2448018e+06   3.2805600e+09
 1.2448018e+06   3.2805600e+09
 1.2448018e+06   3.2805600e+09
 1.2448018e+06   3.2805600e+09
 1.2450077e+06   3.3109697e+09
 1.2450077e+06   3.3109697e+09
 1.2450077e+06   3.3109697e+09
 1.2450077e+06   3.3109697e+09
 1.2452119e+06   3.3402880e+09
 1.2452119e+06   3.3402880e+09
 1.2452119e+06   3.3402880e+09
 1.2452119e+06   3.3402880e+09
 1.2454093e+06   3.3677837e+09
 1.2454093e+06   3.3677837e+09
 1.2454093e+06   3.3677837e+09
 1.2454093e+06   3.3677837e+09
 1.2456068e+06   3.3943665e+09
 1.2456068e+06   3.3943665e+09
 1.2456068e+06   3.3943665e+09
 1.2456068e+06   3.3943665e+09
 1.2458043e+06   3.4199645e+09
 1.2458043e+06   3.4199645e+09
 1.2458043e+06   3.4199645e+09
 1.2458043e+06   3.4199645e+09
 1.2459956e+06   3.4437527e+09
 1.2459956e+06   3.4437527e+09
 1.2459956e+06   3.4437527e+09
 1.2459956e+06   3.4437527e+09
 1.2461849e+06   3.4662781e+09
 1.2461849e+06   3.4662781e+09
 1.2461849e+06   3.4662781e+09
 1.2461849e+06   3.4662781e+09
 1.2463742e+06   3.4877339e+09
 1.2463742e+06   3.4877339e+09
 1.2463742e+06   3.4877339e+09
 1.2463742e+06   3.4877339e+09
 1.2465610e+06   3.5078094e+09
 1.2465610e+06   3.5078094e+09
 1.2465610e+06   3.5078094e+09
 1.2465610e+06   3.5078094e+09
 1.2467425e+06   3.5262267e+09
 1.2467425e+06   3.5262267e+09
 1.2467425e+06   3.5262267e+09
 1.2467425e+06   3.5262267e+09
 1.2469240e+06   3.5435457e+09
 1.2469240e+06   3.5435457e+09
 1.2469240e+06   3.5435457e+09
 1.2469240e+06   3.5435457e+09
 1.2471055e+06   3.5597328e+09
 1.2471055e+06   3.5597328e+09
 1.2471055e+06   3.5597328e+09
 1.2471055e+06   3.5597328e+09
 1.2472803e+06   3.5742319e+09
 1.2472803e+06   3.5742319e+09
 1.2472803e+06   3.5742319e+09
 1.2472803e+06   3.5742319e+09
 1.2474542e+06   3.5875735e+09
 1.2474542e+06   3.5875735e+09
 1.2474542e+06   3.5875735e+09
 1.2474542e+06   3.5875735e+09
 1.2476282e+06   3.5998220e+09
 1.2476282e+06   3.5998220e+09
 1.2476282e+06   3.5998220e+09
 1.2476282e+06   3.5998220e+09
 1.2477989e+06   3.6107699e+09
 1.2477989e+06   3.6107699e+09
 1.2477989e+06   3.6107699e+09
 1.2477989e+06   3.6107699e+09
 1.2479656e+06   3.6204267e+09
 1.2479656e+06   3.6204267e+09
 1.2479656e+06   3.6204267e+09
 1.2479656e+06   3.6204267e+09
 1.2481322e+06   3.6290668e+09
 1.2481322e+06   3.6290668e+09
 1.2481322e+06   3.6290668e+09
 1.2481322e+06   3.6290668e+09
 1.2482989e+06   3.6366880e+09
 1.2482989e+06   3.6366880e+09
 1.2482989e+06   3.6366880e+09
 1.2482989e+06   3.6366880e+09
 1.2484585e+06   3.6430419e+09
 1.2484585e+06   3.6430419e+09
 1.2484585e+06   3.6430419e+09
 1.2484585e+06   3.6430419e+09
 1.2486182e+06   3.6484807e+09
 1.2486182e+06   3.6484807e+09
 1.2486182e+06   3.6484807e+09
 1.2486182e+06   3.6484807e+09
 1.2487779e+06   3.6530151e+09
 1.2487779e+06   3.6530151e+09
 1.2487779e+06   3.6530151e+09
 1.2487779e+06   3.6530151e+09
 1.2489336e+06   3.6565778e+09
 1.2489336e+06   3.6565778e+09
 1.2489336e+06   3.6565778e+09
 1.2489336e+06   3.6565778e+09
 1.2490866e+06   3.6592683e+09
 1.2490866e+06   3.6592683e+09
 1.2490866e+06   3.6592683e+09
 1.2490866e+06   3.6592683e+09
 1.2492395e+06   3.6611795e+09
 1.2492395e+06   3.6611795e+09
 1.2492395e+06   3.6611795e+09
 1.2492395e+06   3.6611795e+09
 1.2493914e+06   3.6623238e+09
 1.2493914e+06   3.6623238e+09
 1.2493914e+06   3.6623238e+09
 1.2493914e+06   3.6623238e+09
 1.2495379e+06   3.6627357e+09
 1.2495379e+06   3.6627357e+09
 1.2495379e+06   3.6627357e+09
 1.2495379e+06   3.6627357e+09
 1.2496843e+06   3.6624960e+09
 1.2496843e+06   3.6624960e+09
 1.2496843e+06   3.6624960e+09
 1.2496843e+06   3.6624960e+09
 1.2498308e+06   3.6616276e+09
 1.2498308e+06   3.6616276e+09
 1.2498308e+06   3.6616276e+09
 1.2498308e+06   3.6616276e+09
 1.2499727e+06   3.6602075e+09
 1.2499727e+06   3.6602075e+09
 1.2499727e+06   3.6602075e+09
 1.2499727e+06   3.6602075e+09
 1.2501129e+06   3.6582721e+09
 1.2501129e+06   3.6582721e+09
 1.2501129e+06   3.6582721e+09
 1.2501129e+06   3.6582721e+09
 1.2502531e+06   3.6558351e+09
 1.2502531e+06   3.6558351e+09
 1.2502531e+06   3.6558351e+09
 1.2502531e+06   3.6558351e+09
 1.2503914e+06   3.6529630e+09
 1.2503914e+06   3.6529630e+09
 1.2503914e+06   3.6529630e+09
 1.2503914e+06   3.6529630e+09
 1.2505256e+06   3.6497548e+09
 1.2505256e+06   3.6497548e+09
 1.2505256e+06   3.6497548e+09
 1.2505256e+06   3.6497548e+09
 1.2506599e+06   3.6461615e+09
 1.2506599e+06   3.6461615e+09
 1.2506599e+06   3.6461615e+09
 1.2506599e+06   3.6461615e+09
 1.2507941e+06   3.6422080e+09
 1.2507941e+06   3.6422080e+09
 1.2507941e+06   3.6422080e+09
 1.2507941e+06   3.6422080e+09
 1.2509230e+06   3.6380933e+09
 1.2509230e+06   3.6380933e+09
 1.2509230e+06   3.6380933e+09
 1.2509230e+06   3.6380933e+09
 1.2510515e+06   3.6337134e+09
 1.2510515e+06   3.6337134e+09
 1.2510515e+06   3.6337134e+09
 1.2510515e+06   3.6337134e+09
 1.2511799e+06   3.6290806e+09
 1.2511799e+06   3.6290806e+09
 1.2511799e+06   3.6290806e+09
 1.2511799e+06   3.6290806e+09
