 5.0003194e+03   2.3079453e+09
 2.9725589e+05   2.3128967e+09
 5.0003194e+03   2.3079453e+09
 2.9725589e+05   2.3128967e+09
 5.0003194e+03   2.3079453e+09
 2.9725589e+05   2.3128967e+09
 5.0003194e+03   2.3079453e+09
 2.9725589e+05   2.3128967e+09
 4.1654790e+05   2.3167997e+09
 4.1654790e+05   2.3167997e+09
 4.1654790e+05   2.3167997e+09
 4.1654790e+05   2.3167997e+09
 5.0542851e+05   2.3199842e+09
 5.0542851e+05   2.3199842e+09
 5.0542851e+05   2.3199842e+09
 5.0542851e+05   2.3199842e+09
 5.7806320e+05   2.3227925e+09
 5.7806320e+05   2.3227925e+09
 5.7806320e+05   2.3227925e+09
 5.7806320e+05   2.3227925e+09
 6.3979527e+05   2.3251367e+09
 6.3979527e+05   2.3251367e+09
 6.3979527e+05   2.3251367e+09
 6.3979527e+05   2.3251367e+09
 6.9362747e+05   2.3269813e+09
 6.9362747e+05   2.3269813e+09
 6.9362747e+05   2.3269813e+09
 6.9362747e+05   2.3269813e+09
 7.4132022e+05   2.3283225e+09
 7.4132022e+05   2.3283225e+09
 7.4132022e+05   2.3283225e+09
 7.4132022e+05   2.3283225e+09
 7.8375600e+05   2.3291854e+09
 7.8375600e+05   2.3291854e+09
 7.8375600e+05   2.3291854e+09
 7.8375600e+05   2.3291854e+09
 8.2193599e+05   2.3296039e+09
 8.2193599e+05   2.3296039e+09
 8.2193599e+05   2.3296039e+09
 8.2193599e+05   2.3296039e+09
 8.5646588e+05   2.3296104e+09
 8.5646588e+05   2.3296104e+09
 8.5646588e+05   2.3296104e+09
 8.5646588e+05   2.3296104e+09
 8.8756463e+05   2.3292792e+09
 8.8756463e+05   2.3292792e+09
 8.8756463e+05   2.3292792e+09
 8.8756463e+05   2.3292792e+09
 9.1575303e+05   2.3286777e+09
 9.1575303e+05   2.3286777e+09
 9.1575303e+05   2.3286777e+09
 9.1575303e+05   2.3286777e+09
 9.4133074e+05   2.3278652e+09
 9.4133074e+05   2.3278652e+09
 9.4133074e+05   2.3278652e+09
 9.4133074e+05   2.3278652e+09
 9.6452678e+05   2.3269425e+09
 9.6452678e+05   2.3269425e+09
 9.6452678e+05   2.3269425e+09
 9.6452678e+05   2.3269425e+09
 9.8554337e+05   2.3260251e+09
 9.8554337e+05   2.3260251e+09
 9.8554337e+05   2.3260251e+09
 9.8554337e+05   2.3260251e+09
 1.0044896e+06   2.3252423e+09
 1.0044896e+06   2.3252423e+09
 1.0044896e+06   2.3252423e+09
 1.0044896e+06   2.3252423e+09
 1.0216191e+06   2.3247216e+09
 1.0216191e+06   2.3247216e+09
 1.0216191e+06   2.3247216e+09
 1.0216191e+06   2.3247216e+09
 1.0370807e+06   2.3246567e+09
 1.0370807e+06   2.3246567e+09
 1.0370807e+06   2.3246567e+09
 1.0370807e+06   2.3246567e+09
 1.0510122e+06   2.3250828e+09
 1.0510122e+06   2.3250828e+09
 1.0510122e+06   2.3250828e+09
 1.0510122e+06   2.3250828e+09
 1.0635798e+06   2.3269160e+09
 1.0635798e+06   2.3269160e+09
 1.0635798e+06   2.3269160e+09
 1.0635798e+06   2.3269160e+09
 1.0748243e+06   2.3274957e+09
 1.0748243e+06   2.3274957e+09
 1.0748243e+06   2.3274957e+09
 1.0748243e+06   2.3274957e+09
 1.0849056e+06   2.3390904e+09
 1.0849056e+06   2.3390904e+09
 1.0849056e+06   2.3390904e+09
 1.0849056e+06   2.3390904e+09
 1.0939324e+06   2.3174455e+09
 1.0939324e+06   2.3174455e+09
 1.0939324e+06   2.3174455e+09
 1.0939324e+06   2.3174455e+09
 1.1020088e+06   2.4147536e+09
 1.1020088e+06   2.4147536e+09
 1.1020088e+06   2.4147536e+09
 1.1020088e+06   2.4147536e+09
 1.1092305e+06   2.1087240e+09
 1.1092305e+06   2.1087240e+09
 1.1092305e+06   2.1087240e+09
 1.1092305e+06   2.1087240e+09
 1.1156888e+06   2.4714068e+09
 1.1156888e+06   2.4714068e+09
 1.1156888e+06   2.4714068e+09
 1.1156888e+06   2.4714068e+09
 1.1214679e+06   2.4421153e+09
 1.1214679e+06   2.4421153e+09
 1.1214679e+06   2.4421153e+09
 1.1214679e+06   2.4421153e+09
 1.1266464e+06   2.4455587e+09
 1.1266464e+06   2.4455587e+09
 1.1266464e+06   2.4455587e+09
 1.1266464e+06   2.4455587e+09
 1.1312958e+06   2.4410615e+09
 1.1312958e+06   2.4410615e+09
 1.1312958e+06   2.4410615e+09
 1.1312958e+06   2.4410615e+09
 1.1354835e+06   2.4393326e+09
 1.1354835e+06   2.4393326e+09
 1.1354835e+06   2.4393326e+09
 1.1354835e+06   2.4393326e+09
 1.1392663e+06   2.4404015e+09
 1.1392663e+06   2.4404015e+09
 1.1392663e+06   2.4404015e+09
 1.1392663e+06   2.4404015e+09
 1.1426910e+06   2.4325439e+09
 1.1426910e+06   2.4325439e+09
 1.1426910e+06   2.4325439e+09
 1.1426910e+06   2.4325439e+09
 1.1457852e+06   2.4660304e+09
 1.1457852e+06   2.4660304e+09
 1.1457852e+06   2.4660304e+09
 1.1457852e+06   2.4660304e+09
 1.1485492e+06   2.3294211e+09
 1.1485492e+06   2.3294211e+09
 1.1485492e+06   2.3294211e+09
 1.1485492e+06   2.3294211e+09
 1.1509533e+06   2.8013499e+09
 1.1509533e+06   2.8013499e+09
 1.1509533e+06   2.8013499e+09
 1.1509533e+06   2.8013499e+09
 1.1529554e+06   5.2973380e+09
 1.1529554e+06   5.2973380e+09
 1.1529554e+06   5.2973380e+09
 1.1529554e+06   5.2973380e+09
 1.1545487e+06   4.8309080e+09
 1.1545487e+06   4.8309080e+09
 1.1545487e+06   4.8309080e+09
 1.1545487e+06   4.8309080e+09
 1.1557993e+06   4.9608234e+09
 1.1557993e+06   4.9608234e+09
 1.1557993e+06   4.9608234e+09
 1.1557993e+06   4.9608234e+09
 1.1568239e+06   4.9096571e+09
 1.1568239e+06   4.9096571e+09
 1.1568239e+06   4.9096571e+09
 1.1568239e+06   4.9096571e+09
 1.1577327e+06   4.9068718e+09
 1.1577327e+06   4.9068718e+09
 1.1577327e+06   4.9068718e+09
 1.1577327e+06   4.9068718e+09
 1.1585946e+06   4.8927095e+09
 1.1585946e+06   4.8927095e+09
 1.1585946e+06   4.8927095e+09
 1.1585946e+06   4.8927095e+09
 1.1594392e+06   4.8824318e+09
 1.1594392e+06   4.8824318e+09
 1.1594392e+06   4.8824318e+09
 1.1594392e+06   4.8824318e+09
 1.1602731e+06   4.8723782e+09
 1.1602731e+06   4.8723782e+09
 1.1602731e+06   4.8723782e+09
 1.1602731e+06   4.8723782e+09
 1.1610938e+06   4.8633891e+09
 1.1610938e+06   4.8633891e+09
 1.1610938e+06   4.8633891e+09
 1.1610938e+06   4.8633891e+09
 1.1618896e+06   4.8558415e+09
 1.1618896e+06   4.8558415e+09
 1.1618896e+06   4.8558415e+09
 1.1618896e+06   4.8558415e+09
 1.1626717e+06   4.8487943e+09
 1.1626717e+06   4.8487943e+09
 1.1626717e+06   4.8487943e+09
 1.1626717e+06   4.8487943e+09
 1.1634310e+06   4.8429230e+09
 1.1634310e+06   4.8429230e+09
 1.1634310e+06   4.8429230e+09
 1.1634310e+06   4.8429230e+09
 1.1641686e+06   4.8379949e+09
 1.1641686e+06   4.8379949e+09
 1.1641686e+06   4.8379949e+09
 1.1641686e+06   4.8379949e+09
 1.1648842e+06   4.8342546e+09
 1.1648842e+06   4.8342546e+09
 1.1648842e+06   4.8342546e+09
 1.1648842e+06   4.8342546e+09
 1.1655780e+06   4.8315943e+09
 1.1655780e+06   4.8315943e+09
 1.1655780e+06   4.8315943e+09
 1.1655780e+06   4.8315943e+09
 1.1662559e+06   4.8299462e+09
 1.1662559e+06   4.8299462e+09
 1.1662559e+06   4.8299462e+09
 1.1662559e+06   4.8299462e+09
 1.1669115e+06   4.8297538e+09
 1.1669115e+06   4.8297538e+09
 1.1669115e+06   4.8297538e+09
 1.1669115e+06   4.8297538e+09
 1.1675594e+06   4.8301121e+09
 1.1675594e+06   4.8301121e+09
 1.1675594e+06   4.8301121e+09
 1.1675594e+06   4.8301121e+09
 1.1681846e+06   4.8325601e+09
 1.1681846e+06   4.8325601e+09
 1.1681846e+06   4.8325601e+09
 1.1681846e+06   4.8325601e+09
 1.1688093e+06   4.8350482e+09
 1.1688093e+06   4.8350482e+09
 1.1688093e+06   4.8350482e+09
 1.1688093e+06   4.8350482e+09
 1.1694120e+06   4.8399908e+09
 1.1694120e+06   4.8399908e+09
 1.1694120e+06   4.8399908e+09
 1.1694120e+06   4.8399908e+09
 1.1700150e+06   4.8447988e+09
 1.1700150e+06   4.8447988e+09
 1.1700150e+06   4.8447988e+09
 1.1700150e+06   4.8447988e+09
 1.1706060e+06   4.8519729e+09
 1.1706060e+06   4.8519729e+09
 1.1706060e+06   4.8519729e+09
 1.1706060e+06   4.8519729e+09
 1.1711934e+06   4.8596263e+09
 1.1711934e+06   4.8596263e+09
 1.1711934e+06   4.8596263e+09
 1.1711934e+06   4.8596263e+09
 1.1717764e+06   4.8686631e+09
 1.1717764e+06   4.8686631e+09
 1.1717764e+06   4.8686631e+09
 1.1717764e+06   4.8686631e+09
 1.1723539e+06   4.8791388e+09
 1.1723539e+06   4.8791388e+09
 1.1723539e+06   4.8791388e+09
 1.1723539e+06   4.8791388e+09
 1.1729308e+06   4.8901052e+09
 1.1729308e+06   4.8901052e+09
 1.1729308e+06   4.8901052e+09
 1.1729308e+06   4.8901052e+09
 1.1735024e+06   4.9032894e+09
 1.1735024e+06   4.9032894e+09
 1.1735024e+06   4.9032894e+09
 1.1735024e+06   4.9032894e+09
 1.1740744e+06   4.9165642e+09
 1.1740744e+06   4.9165642e+09
 1.1740744e+06   4.9165642e+09
 1.1740744e+06   4.9165642e+09
 1.1746432e+06   4.9319375e+09
 1.1746432e+06   4.9319375e+09
 1.1746432e+06   4.9319375e+09
 1.1746432e+06   4.9319375e+09
 1.1752118e+06   4.9478119e+09
 1.1752118e+06   4.9478119e+09
 1.1752118e+06   4.9478119e+09
 1.1752118e+06   4.9478119e+09
 1.1757792e+06   4.9651780e+09
 1.1757792e+06   4.9651780e+09
 1.1757792e+06   4.9651780e+09
 1.1757792e+06   4.9651780e+09
 1.1763458e+06   4.9836273e+09
 1.1763458e+06   4.9836273e+09
 1.1763458e+06   4.9836273e+09
 1.1763458e+06   4.9836273e+09
 1.1769119e+06   5.0029712e+09
 1.1769119e+06   5.0029712e+09
 1.1769119e+06   5.0029712e+09
 1.1769119e+06   5.0029712e+09
 1.1774769e+06   5.0238382e+09
 1.1774769e+06   5.0238382e+09
 1.1774769e+06   5.0238382e+09
 1.1774769e+06   5.0238382e+09
 1.1780420e+06   5.0452804e+09
 1.1780420e+06   5.0452804e+09
 1.1780420e+06   5.0452804e+09
 1.1780420e+06   5.0452804e+09
 1.1786051e+06   5.0683330e+09
 1.1786051e+06   5.0683330e+09
 1.1786051e+06   5.0683330e+09
 1.1786051e+06   5.0683330e+09
 1.1791685e+06   5.0919302e+09
 1.1791685e+06   5.0919302e+09
 1.1791685e+06   5.0919302e+09
 1.1791685e+06   5.0919302e+09
 1.1797297e+06   5.1169872e+09
 1.1797297e+06   5.1169872e+09
 1.1797297e+06   5.1169872e+09
 1.1797297e+06   5.1169872e+09
 1.1802906e+06   5.1427136e+09
 1.1802906e+06   5.1427136e+09
 1.1802906e+06   5.1427136e+09
 1.1802906e+06   5.1427136e+09
 1.1808491e+06   5.1696539e+09
 1.1808491e+06   5.1696539e+09
 1.1808491e+06   5.1696539e+09
 1.1808491e+06   5.1696539e+09
 1.1814067e+06   5.1973384e+09
 1.1814067e+06   5.1973384e+09
 1.1814067e+06   5.1973384e+09
 1.1814067e+06   5.1973384e+09
 1.1819618e+06   5.2259712e+09
 1.1819618e+06   5.2259712e+09
 1.1819618e+06   5.2259712e+09
 1.1819618e+06   5.2259712e+09
 1.1825149e+06   5.2554262e+09
 1.1825149e+06   5.2554262e+09
 1.1825149e+06   5.2554262e+09
 1.1825149e+06   5.2554262e+09
 1.1830657e+06   5.2856761e+09
 1.1830657e+06   5.2856761e+09
 1.1830657e+06   5.2856761e+09
 1.1830657e+06   5.2856761e+09
 1.1836131e+06   5.3167417e+09
 1.1836131e+06   5.3167417e+09
 1.1836131e+06   5.3167417e+09
 1.1836131e+06   5.3167417e+09
 1.1841586e+06   5.3485068e+09
 1.1841586e+06   5.3485068e+09
 1.1841586e+06   5.3485068e+09
 1.1841586e+06   5.3485068e+09
 1.1846993e+06   5.3810292e+09
 1.1846993e+06   5.3810292e+09
 1.1846993e+06   5.3810292e+09
 1.1846993e+06   5.3810292e+09
 1.1852383e+06   5.4141905e+09
 1.1852383e+06   5.4141905e+09
 1.1852383e+06   5.4141905e+09
 1.1852383e+06   5.4141905e+09
 1.1857713e+06   5.4480168e+09
 1.1857713e+06   5.4480168e+09
 1.1857713e+06   5.4480168e+09
 1.1857713e+06   5.4480168e+09
 1.1863028e+06   5.4824420e+09
 1.1863028e+06   5.4824420e+09
 1.1863028e+06   5.4824420e+09
 1.1863028e+06   5.4824420e+09
 1.1868270e+06   5.5174228e+09
 1.1868270e+06   5.5174228e+09
 1.1868270e+06   5.5174228e+09
 1.1868270e+06   5.5174228e+09
 1.1873500e+06   5.5529717e+09
 1.1873500e+06   5.5529717e+09
 1.1873500e+06   5.5529717e+09
 1.1873500e+06   5.5529717e+09
 1.1878646e+06   5.5889587e+09
 1.1878646e+06   5.5889587e+09
 1.1878646e+06   5.5889587e+09
 1.1878646e+06   5.5889587e+09
 1.1883779e+06   5.6254738e+09
 1.1883779e+06   5.6254738e+09
 1.1883779e+06   5.6254738e+09
 1.1883779e+06   5.6254738e+09
 1.1888821e+06   5.6623649e+09
 1.1888821e+06   5.6623649e+09
 1.1888821e+06   5.6623649e+09
 1.1888821e+06   5.6623649e+09
 1.1893850e+06   5.6994106e+09
 1.1893850e+06   5.6994106e+09
 1.1893850e+06   5.6994106e+09
 1.1893850e+06   5.6994106e+09
 1.1898779e+06   5.7377860e+09
 1.1898779e+06   5.7377860e+09
 1.1898779e+06   5.7377860e+09
 1.1898779e+06   5.7377860e+09
 1.1903696e+06   5.7717746e+09
 1.1903696e+06   5.7717746e+09
 1.1903696e+06   5.7717746e+09
 1.1903696e+06   5.7717746e+09
 1.1908508e+06   5.7688621e+09
 1.1908508e+06   5.7688621e+09
 1.1908508e+06   5.7688621e+09
 1.1908508e+06   5.7688621e+09
 1.1913305e+06   5.7755482e+09
 1.1913305e+06   5.7755482e+09
 1.1913305e+06   5.7755482e+09
 1.1913305e+06   5.7755482e+09
 1.1917993e+06   5.8158121e+09
 1.1917993e+06   5.8158121e+09
 1.1917993e+06   5.8158121e+09
 1.1917993e+06   5.8158121e+09
 1.1922666e+06   5.8523005e+09
 1.1922666e+06   5.8523005e+09
 1.1922666e+06   5.8523005e+09
 1.1922666e+06   5.8523005e+09
 1.1927226e+06   5.8895822e+09
 1.1927226e+06   5.8895822e+09
 1.1927226e+06   5.8895822e+09
 1.1927226e+06   5.8895822e+09
 1.1931769e+06   5.9268741e+09
 1.1931769e+06   5.9268741e+09
 1.1931769e+06   5.9268741e+09
 1.1931769e+06   5.9268741e+09
 1.1936197e+06   5.9638817e+09
 1.1936197e+06   5.9638817e+09
 1.1936197e+06   5.9638817e+09
 1.1936197e+06   5.9638817e+09
 1.1940608e+06   6.0011096e+09
 1.1940608e+06   6.0011096e+09
 1.1940608e+06   6.0011096e+09
 1.1940608e+06   6.0011096e+09
 1.1944901e+06   6.0378986e+09
 1.1944901e+06   6.0378986e+09
 1.1944901e+06   6.0378986e+09
 1.1944901e+06   6.0378986e+09
 1.1949177e+06   6.0748887e+09
 1.1949177e+06   6.0748887e+09
 1.1949177e+06   6.0748887e+09
 1.1949177e+06   6.0748887e+09
 1.1953332e+06   6.1113417e+09
 1.1953332e+06   6.1113417e+09
 1.1953332e+06   6.1113417e+09
 1.1953332e+06   6.1113417e+09
 1.1957473e+06   6.1479760e+09
 1.1957473e+06   6.1479760e+09
 1.1957473e+06   6.1479760e+09
 1.1957473e+06   6.1479760e+09
 1.1961489e+06   6.1839680e+09
 1.1961489e+06   6.1839680e+09
 1.1961489e+06   6.1839680e+09
 1.1961489e+06   6.1839680e+09
 1.1965495e+06   6.2201330e+09
 1.1965495e+06   6.2201330e+09
 1.1965495e+06   6.2201330e+09
 1.1965495e+06   6.2201330e+09
 1.1969370e+06   6.2554882e+09
 1.1969370e+06   6.2554882e+09
 1.1969370e+06   6.2554882e+09
 1.1969370e+06   6.2554882e+09
 1.1973242e+06   6.2910269e+09
 1.1973242e+06   6.2910269e+09
 1.1973242e+06   6.2910269e+09
 1.1973242e+06   6.2910269e+09
 1.1976976e+06   6.3256086e+09
 1.1976976e+06   6.3256086e+09
 1.1976976e+06   6.3256086e+09
 1.1976976e+06   6.3256086e+09
 1.1980710e+06   6.3603765e+09
 1.1980710e+06   6.3603765e+09
 1.1980710e+06   6.3603765e+09
 1.1980710e+06   6.3603765e+09
 1.1984309e+06   6.3941497e+09
 1.1984309e+06   6.3941497e+09
 1.1984309e+06   6.3941497e+09
 1.1984309e+06   6.3941497e+09
 1.1987901e+06   6.4280116e+09
 1.1987901e+06   6.4280116e+09
 1.1987901e+06   6.4280116e+09
 1.1987901e+06   6.4280116e+09
 1.1991374e+06   6.4609469e+09
 1.1991374e+06   6.4609469e+09
 1.1991374e+06   6.4609469e+09
 1.1991374e+06   6.4609469e+09
 1.1994825e+06   6.4938043e+09
 1.1994825e+06   6.4938043e+09
 1.1994825e+06   6.4938043e+09
 1.1994825e+06   6.4938043e+09
 1.1998178e+06   6.5258563e+09
 1.1998178e+06   6.5258563e+09
 1.1998178e+06   6.5258563e+09
 1.1998178e+06   6.5258563e+09
 1.2001486e+06   6.5576044e+09
 1.2001486e+06   6.5576044e+09
 1.2001486e+06   6.5576044e+09
 1.2001486e+06   6.5576044e+09
 1.2004727e+06   6.5887530e+09
 1.2004727e+06   6.5887530e+09
 1.2004727e+06   6.5887530e+09
 1.2004727e+06   6.5887530e+09
 1.2007895e+06   6.6192752e+09
 1.2007895e+06   6.6192752e+09
 1.2007895e+06   6.6192752e+09
 1.2007895e+06   6.6192752e+09
 1.2011032e+06   6.6495355e+09
 1.2011032e+06   6.6495355e+09
 1.2011032e+06   6.6495355e+09
 1.2011032e+06   6.6495355e+09
 1.2014061e+06   6.6787027e+09
 1.2014061e+06   6.6787027e+09
 1.2014061e+06   6.6787027e+09
 1.2014061e+06   6.6787027e+09
 1.2017091e+06   6.7079695e+09
 1.2017091e+06   6.7079695e+09
 1.2017091e+06   6.7079695e+09
 1.2017091e+06   6.7079695e+09
 1.2019996e+06   6.7358146e+09
 1.2019996e+06   6.7358146e+09
 1.2019996e+06   6.7358146e+09
 1.2019996e+06   6.7358146e+09
 1.2022889e+06   6.7636420e+09
 1.2022889e+06   6.7636420e+09
 1.2022889e+06   6.7636420e+09
 1.2022889e+06   6.7636420e+09
 1.2025714e+06   6.7905801e+09
 1.2025714e+06   6.7905801e+09
 1.2025714e+06   6.7905801e+09
 1.2025714e+06   6.7905801e+09
 1.2028473e+06   6.8167498e+09
 1.2028473e+06   6.8167498e+09
 1.2028473e+06   6.8167498e+09
 1.2028473e+06   6.8167498e+09
 1.2031232e+06   6.8429211e+09
 1.2031232e+06   6.8429211e+09
 1.2031232e+06   6.8429211e+09
 1.2031232e+06   6.8429211e+09
 1.2033860e+06   6.8672898e+09
 1.2033860e+06   6.8672898e+09
 1.2033860e+06   6.8672898e+09
 1.2033860e+06   6.8672898e+09
 1.2036489e+06   6.8917855e+09
 1.2036489e+06   6.8917855e+09
 1.2036489e+06   6.8917855e+09
 1.2036489e+06   6.8917855e+09
 1.2039069e+06   6.9153889e+09
 1.2039069e+06   6.9153889e+09
 1.2039069e+06   6.9153889e+09
 1.2039069e+06   6.9153889e+09
 1.2041570e+06   6.9377806e+09
 1.2041570e+06   6.9377806e+09
 1.2041570e+06   6.9377806e+09
 1.2041570e+06   6.9377806e+09
 1.2044073e+06   6.9603886e+09
 1.2044073e+06   6.9603886e+09
 1.2044073e+06   6.9603886e+09
 1.2044073e+06   6.9603886e+09
 1.2046497e+06   6.9813395e+09
 1.2046497e+06   6.9813395e+09
 1.2046497e+06   6.9813395e+09
 1.2046497e+06   6.9813395e+09
 1.2048877e+06   7.0015814e+09
 1.2048877e+06   7.0015814e+09
 1.2048877e+06   7.0015814e+09
 1.2048877e+06   7.0015814e+09
 1.2051257e+06   7.0220340e+09
 1.2051257e+06   7.0220340e+09
 1.2051257e+06   7.0220340e+09
 1.2051257e+06   7.0220340e+09
 1.2053553e+06   7.0403974e+09
 1.2053553e+06   7.0403974e+09
 1.2053553e+06   7.0403974e+09
 1.2053553e+06   7.0403974e+09
 1.2055815e+06   7.0581818e+09
 1.2055815e+06   7.0581818e+09
 1.2055815e+06   7.0581818e+09
 1.2055815e+06   7.0581818e+09
 1.2058078e+06   7.0762186e+09
 1.2058078e+06   7.0762186e+09
 1.2058078e+06   7.0762186e+09
 1.2058078e+06   7.0762186e+09
 1.2060275e+06   7.0921777e+09
 1.2060275e+06   7.0921777e+09
 1.2060275e+06   7.0921777e+09
 1.2060275e+06   7.0921777e+09
 1.2062425e+06   7.1070963e+09
 1.2062425e+06   7.1070963e+09
 1.2062425e+06   7.1070963e+09
 1.2062425e+06   7.1070963e+09
 1.2064575e+06   7.1222782e+09
 1.2064575e+06   7.1222782e+09
 1.2064575e+06   7.1222782e+09
 1.2064575e+06   7.1222782e+09
 1.2066704e+06   7.1364365e+09
 1.2066704e+06   7.1364365e+09
 1.2066704e+06   7.1364365e+09
 1.2066704e+06   7.1364365e+09
 1.2068745e+06   7.1479000e+09
 1.2068745e+06   7.1479000e+09
 1.2068745e+06   7.1479000e+09
 1.2068745e+06   7.1479000e+09
 1.2070785e+06   7.1595669e+09
 1.2070785e+06   7.1595669e+09
 1.2070785e+06   7.1595669e+09
 1.2070785e+06   7.1595669e+09
 1.2072826e+06   7.1714418e+09
 1.2072826e+06   7.1714418e+09
 1.2072826e+06   7.1714418e+09
 1.2072826e+06   7.1714418e+09
 1.2074815e+06   7.1806526e+09
 1.2074815e+06   7.1806526e+09
 1.2074815e+06   7.1806526e+09
 1.2074815e+06   7.1806526e+09
 1.2076743e+06   7.1879036e+09
 1.2076743e+06   7.1879036e+09
 1.2076743e+06   7.1879036e+09
 1.2076743e+06   7.1879036e+09
 1.2078671e+06   7.1953300e+09
 1.2078671e+06   7.1953300e+09
 1.2078671e+06   7.1953300e+09
 1.2078671e+06   7.1953300e+09
 1.2080600e+06   7.2030016e+09
 1.2080600e+06   7.2030016e+09
 1.2080600e+06   7.2030016e+09
 1.2080600e+06   7.2030016e+09
 1.2082494e+06   7.2080838e+09
 1.2082494e+06   7.2080838e+09
 1.2082494e+06   7.2080838e+09
 1.2082494e+06   7.2080838e+09
 1.2084301e+06   7.2094455e+09
 1.2084301e+06   7.2094455e+09
 1.2084301e+06   7.2094455e+09
 1.2084301e+06   7.2094455e+09
 1.2086108e+06   7.2111098e+09
 1.2086108e+06   7.2111098e+09
 1.2086108e+06   7.2111098e+09
 1.2086108e+06   7.2111098e+09
 1.2087915e+06   7.2127095e+09
 1.2087915e+06   7.2127095e+09
 1.2087915e+06   7.2127095e+09
 1.2087915e+06   7.2127095e+09
 1.2089723e+06   7.2146733e+09
 1.2089723e+06   7.2146733e+09
 1.2089723e+06   7.2146733e+09
 1.2089723e+06   7.2146733e+09
 1.2091559e+06   7.2114106e+09
 1.2091559e+06   7.2114106e+09
 1.2091559e+06   7.2114106e+09
 1.2091559e+06   7.2114106e+09
 1.2093434e+06   7.2041638e+09
 1.2093434e+06   7.2041638e+09
 1.2093434e+06   7.2041638e+09
 1.2093434e+06   7.2041638e+09
 1.2095308e+06   7.1972301e+09
 1.2095308e+06   7.1972301e+09
 1.2095308e+06   7.1972301e+09
 1.2095308e+06   7.1972301e+09
 1.2097183e+06   7.1902348e+09
 1.2097183e+06   7.1902348e+09
 1.2097183e+06   7.1902348e+09
 1.2097183e+06   7.1902348e+09
 1.2099058e+06   7.1834898e+09
 1.2099058e+06   7.1834898e+09
 1.2099058e+06   7.1834898e+09
 1.2099058e+06   7.1834898e+09
 1.2101110e+06   7.1728122e+09
 1.2101110e+06   7.1728122e+09
 1.2101110e+06   7.1728122e+09
 1.2101110e+06   7.1728122e+09
 1.2103899e+06   7.1584631e+09
 1.2103899e+06   7.1584631e+09
 1.2103899e+06   7.1584631e+09
 1.2103899e+06   7.1584631e+09
 1.2106688e+06   7.1175488e+09
 1.2106688e+06   7.1175488e+09
 1.2106688e+06   7.1175488e+09
 1.2106688e+06   7.1175488e+09
 1.2109478e+06   7.2148310e+09
 1.2109478e+06   7.2148310e+09
 1.2109478e+06   7.2148310e+09
 1.2109478e+06   7.2148310e+09
 1.2112686e+06   6.2792461e+09
 1.2112686e+06   6.2792461e+09
 1.2112686e+06   6.2792461e+09
 1.2112686e+06   6.2792461e+09
 1.2116708e+06   4.1801420e+09
 1.2116708e+06   4.1801420e+09
 1.2116708e+06   4.1801420e+09
 1.2116708e+06   4.1801420e+09
 1.2120730e+06   3.1313345e+09
 1.2120730e+06   3.1313345e+09
 1.2120730e+06   3.1313345e+09
 1.2120730e+06   3.1313345e+09
 1.2125155e+06   2.7697455e+09
 1.2125155e+06   2.7697455e+09
 1.2125155e+06   2.7697455e+09
 1.2125155e+06   2.7697455e+09
 1.2129857e+06   2.7308140e+09
 1.2129857e+06   2.7308140e+09
 1.2129857e+06   2.7308140e+09
 1.2129857e+06   2.7308140e+09
 1.2134612e+06   2.7419885e+09
 1.2134612e+06   2.7419885e+09
 1.2134612e+06   2.7419885e+09
 1.2134612e+06   2.7419885e+09
 1.2139522e+06   2.7518131e+09
 1.2139522e+06   2.7518131e+09
 1.2139522e+06   2.7518131e+09
 1.2139522e+06   2.7518131e+09
 1.2144432e+06   2.7614487e+09
 1.2144432e+06   2.7614487e+09
 1.2144432e+06   2.7614487e+09
 1.2144432e+06   2.7614487e+09
 1.2149308e+06   2.7721477e+09
 1.2149308e+06   2.7721477e+09
 1.2149308e+06   2.7721477e+09
 1.2149308e+06   2.7721477e+09
 1.2154186e+06   2.7836166e+09
 1.2154186e+06   2.7836166e+09
 1.2154186e+06   2.7836166e+09
 1.2154186e+06   2.7836166e+09
 1.2158958e+06   2.7959112e+09
 1.2158958e+06   2.7959112e+09
 1.2158958e+06   2.7959112e+09
 1.2158958e+06   2.7959112e+09
 1.2163714e+06   2.8090711e+09
 1.2163714e+06   2.8090711e+09
 1.2163714e+06   2.8090711e+09
 1.2163714e+06   2.8090711e+09
 1.2168383e+06   2.8231393e+09
 1.2168383e+06   2.8231393e+09
 1.2168383e+06   2.8231393e+09
 1.2168383e+06   2.8231393e+09
 1.2173009e+06   2.8381107e+09
 1.2173009e+06   2.8381107e+09
 1.2173009e+06   2.8381107e+09
 1.2173009e+06   2.8381107e+09
 1.2177585e+06   2.8540486e+09
 1.2177585e+06   2.8540486e+09
 1.2177585e+06   2.8540486e+09
 1.2177585e+06   2.8540486e+09
 1.2182100e+06   2.8709275e+09
 1.2182100e+06   2.8709275e+09
 1.2182100e+06   2.8709275e+09
 1.2182100e+06   2.8709275e+09
 1.2186597e+06   2.8888569e+09
 1.2186597e+06   2.8888569e+09
 1.2186597e+06   2.8888569e+09
 1.2186597e+06   2.8888569e+09
 1.2191024e+06   2.9078043e+09
 1.2191024e+06   2.9078043e+09
 1.2191024e+06   2.9078043e+09
 1.2191024e+06   2.9078043e+09
 1.2195452e+06   2.9278846e+09
 1.2195452e+06   2.9278846e+09
 1.2195452e+06   2.9278846e+09
 1.2195452e+06   2.9278846e+09
 1.2199812e+06   2.9490154e+09
 1.2199812e+06   2.9490154e+09
 1.2199812e+06   2.9490154e+09
 1.2199812e+06   2.9490154e+09
 1.2204171e+06   2.9713053e+09
 1.2204171e+06   2.9713053e+09
 1.2204171e+06   2.9713053e+09
 1.2204171e+06   2.9713053e+09
 1.2208487e+06   2.9947564e+09
 1.2208487e+06   2.9947564e+09
 1.2208487e+06   2.9947564e+09
 1.2208487e+06   2.9947564e+09
 1.2212788e+06   3.0193815e+09
 1.2212788e+06   3.0193815e+09
 1.2212788e+06   3.0193815e+09
 1.2212788e+06   3.0193815e+09
 1.2217064e+06   3.0452276e+09
 1.2217064e+06   3.0452276e+09
 1.2217064e+06   3.0452276e+09
 1.2217064e+06   3.0452276e+09
 1.2221313e+06   3.0722994e+09
 1.2221313e+06   3.0722994e+09
 1.2221313e+06   3.0722994e+09
 1.2221313e+06   3.0722994e+09
 1.2225549e+06   3.1006902e+09
 1.2225549e+06   3.1006902e+09
 1.2225549e+06   3.1006902e+09
 1.2225549e+06   3.1006902e+09
 1.2229748e+06   3.1303655e+09
 1.2229748e+06   3.1303655e+09
 1.2229748e+06   3.1303655e+09
 1.2229748e+06   3.1303655e+09
 1.2233944e+06   3.1614880e+09
 1.2233944e+06   3.1614880e+09
 1.2233944e+06   3.1614880e+09
 1.2233944e+06   3.1614880e+09
 1.2238091e+06   3.1939109e+09
 1.2238091e+06   3.1939109e+09
 1.2238091e+06   3.1939109e+09
 1.2238091e+06   3.1939109e+09
 1.2242240e+06   3.2278985e+09
 1.2242240e+06   3.2278985e+09
 1.2242240e+06   3.2278985e+09
 1.2242240e+06   3.2278985e+09
 1.2246341e+06   3.2632410e+09
 1.2246341e+06   3.2632410e+09
 1.2246341e+06   3.2632410e+09
 1.2246341e+06   3.2632410e+09
 1.2250436e+06   3.3001101e+09
 1.2250436e+06   3.3001101e+09
 1.2250436e+06   3.3001101e+09
 1.2250436e+06   3.3001101e+09
 1.2254492e+06   3.3384070e+09
 1.2254492e+06   3.3384070e+09
 1.2254492e+06   3.3384070e+09
 1.2254492e+06   3.3384070e+09
 1.2258530e+06   3.3782562e+09
 1.2258530e+06   3.3782562e+09
 1.2258530e+06   3.3782562e+09
 1.2258530e+06   3.3782562e+09
 1.2262538e+06   3.4196368e+09
 1.2262538e+06   3.4196368e+09
 1.2262538e+06   3.4196368e+09
 1.2262538e+06   3.4196368e+09
 1.2266516e+06   3.4625706e+09
 1.2266516e+06   3.4625706e+09
 1.2266516e+06   3.4625706e+09
 1.2266516e+06   3.4625706e+09
 1.2270473e+06   3.5071753e+09
 1.2270473e+06   3.5071753e+09
 1.2270473e+06   3.5071753e+09
 1.2270473e+06   3.5071753e+09
 1.2274388e+06   3.5533146e+09
 1.2274388e+06   3.5533146e+09
 1.2274388e+06   3.5533146e+09
 1.2274388e+06   3.5533146e+09
 1.2278292e+06   3.6012315e+09
 1.2278292e+06   3.6012315e+09
 1.2278292e+06   3.6012315e+09
 1.2278292e+06   3.6012315e+09
 1.2282142e+06   3.6505025e+09
 1.2282142e+06   3.6505025e+09
 1.2282142e+06   3.6505025e+09
 1.2282142e+06   3.6505025e+09
 1.2285989e+06   3.7016719e+09
 1.2285989e+06   3.7016719e+09
 1.2285989e+06   3.7016719e+09
 1.2285989e+06   3.7016719e+09
 1.2289771e+06   3.7540684e+09
 1.2289771e+06   3.7540684e+09
 1.2289771e+06   3.7540684e+09
 1.2289771e+06   3.7540684e+09
 1.2293555e+06   3.8084710e+09
 1.2293555e+06   3.8084710e+09
 1.2293555e+06   3.8084710e+09
 1.2293555e+06   3.8084710e+09
 1.2297273e+06   3.8640677e+09
 1.2297273e+06   3.8640677e+09
 1.2297273e+06   3.8640677e+09
 1.2297273e+06   3.8640677e+09
 1.2300986e+06   3.9216291e+09
 1.2300986e+06   3.9216291e+09
 1.2300986e+06   3.9216291e+09
 1.2300986e+06   3.9216291e+09
 1.2304643e+06   3.9803613e+09
 1.2304643e+06   3.9803613e+09
 1.2304643e+06   3.9803613e+09
 1.2304643e+06   3.9803613e+09
 1.2308286e+06   4.0407976e+09
 1.2308286e+06   4.0407976e+09
 1.2308286e+06   4.0407976e+09
 1.2308286e+06   4.0407976e+09
 1.2311879e+06   4.1024330e+09
 1.2311879e+06   4.1024330e+09
 1.2311879e+06   4.1024330e+09
 1.2311879e+06   4.1024330e+09
 1.2315450e+06   4.1655721e+09
 1.2315450e+06   4.1655721e+09
 1.2315450e+06   4.1655721e+09
 1.2315450e+06   4.1655721e+09
 1.2318979e+06   4.2298949e+09
 1.2318979e+06   4.2298949e+09
 1.2318979e+06   4.2298949e+09
 1.2318979e+06   4.2298949e+09
 1.2322477e+06   4.2954496e+09
 1.2322477e+06   4.2954496e+09
 1.2322477e+06   4.2954496e+09
 1.2322477e+06   4.2954496e+09
 1.2325942e+06   4.3620573e+09
 1.2325942e+06   4.3620573e+09
 1.2325942e+06   4.3620573e+09
 1.2325942e+06   4.3620573e+09
 1.2329367e+06   4.4294343e+09
 1.2329367e+06   4.4294343e+09
 1.2329367e+06   4.4294343e+09
 1.2329367e+06   4.4294343e+09
 1.2332767e+06   4.4977334e+09
 1.2332767e+06   4.4977334e+09
 1.2332767e+06   4.4977334e+09
 1.2332767e+06   4.4977334e+09
 1.2336119e+06   4.5663698e+09
 1.2336119e+06   4.5663698e+09
 1.2336119e+06   4.5663698e+09
 1.2336119e+06   4.5663698e+09
 1.2339453e+06   4.6357492e+09
 1.2339453e+06   4.6357492e+09
 1.2339453e+06   4.6357492e+09
 1.2339453e+06   4.6357492e+09
 1.2342732e+06   4.7049524e+09
 1.2342732e+06   4.7049524e+09
 1.2342732e+06   4.7049524e+09
 1.2342732e+06   4.7049524e+09
 1.2346001e+06   4.7745992e+09
 1.2346001e+06   4.7745992e+09
 1.2346001e+06   4.7745992e+09
 1.2346001e+06   4.7745992e+09
 1.2349208e+06   4.8434106e+09
 1.2349208e+06   4.8434106e+09
 1.2349208e+06   4.8434106e+09
 1.2349208e+06   4.8434106e+09
 1.2352411e+06   4.9123341e+09
 1.2352411e+06   4.9123341e+09
 1.2352411e+06   4.9123341e+09
 1.2352411e+06   4.9123341e+09
 1.2355546e+06   4.9797927e+09
 1.2355546e+06   4.9797927e+09
 1.2355546e+06   4.9797927e+09
 1.2355546e+06   4.9797927e+09
 1.2358681e+06   5.0469416e+09
 1.2358681e+06   5.0469416e+09
 1.2358681e+06   5.0469416e+09
 1.2358681e+06   5.0469416e+09
 1.2361748e+06   5.1121176e+09
 1.2361748e+06   5.1121176e+09
 1.2361748e+06   5.1121176e+09
 1.2361748e+06   5.1121176e+09
 1.2364812e+06   5.1763894e+09
 1.2364812e+06   5.1763894e+09
 1.2364812e+06   5.1763894e+09
 1.2364812e+06   5.1763894e+09
 1.2367814e+06   5.2383059e+09
 1.2367814e+06   5.2383059e+09
 1.2367814e+06   5.2383059e+09
 1.2367814e+06   5.2383059e+09
 1.2370808e+06   5.2986265e+09
 1.2370808e+06   5.2986265e+09
 1.2370808e+06   5.2986265e+09
 1.2370808e+06   5.2986265e+09
 1.2373748e+06   5.3562690e+09
 1.2373748e+06   5.3562690e+09
 1.2373748e+06   5.3562690e+09
 1.2373748e+06   5.3562690e+09
 1.2376672e+06   5.4117149e+09
 1.2376672e+06   5.4117149e+09
 1.2376672e+06   5.4117149e+09
 1.2376672e+06   5.4117149e+09
 1.2379549e+06   5.4641996e+09
 1.2379549e+06   5.4641996e+09
 1.2379549e+06   5.4641996e+09
 1.2379549e+06   5.4641996e+09
 1.2382405e+06   5.5139677e+09
 1.2382405e+06   5.5139677e+09
 1.2382405e+06   5.5139677e+09
 1.2382405e+06   5.5139677e+09
 1.2385220e+06   5.5605368e+09
 1.2385220e+06   5.5605368e+09
 1.2385220e+06   5.5605368e+09
 1.2385220e+06   5.5605368e+09
 1.2388009e+06   5.6039701e+09
 1.2388009e+06   5.6039701e+09
 1.2388009e+06   5.6039701e+09
 1.2388009e+06   5.6039701e+09
 1.2390764e+06   5.6440337e+09
 1.2390764e+06   5.6440337e+09
 1.2390764e+06   5.6440337e+09
 1.2390764e+06   5.6440337e+09
 1.2393486e+06   5.6806626e+09
 1.2393486e+06   5.6806626e+09
 1.2393486e+06   5.6806626e+09
 1.2393486e+06   5.6806626e+09
 1.2396181e+06   5.7138401e+09
 1.2396181e+06   5.7138401e+09
 1.2396181e+06   5.7138401e+09
 1.2396181e+06   5.7138401e+09
 1.2398838e+06   5.7434240e+09
 1.2398838e+06   5.7434240e+09
 1.2398838e+06   5.7434240e+09
 1.2398838e+06   5.7434240e+09
 1.2401474e+06   5.7695444e+09
 1.2401474e+06   5.7695444e+09
 1.2401474e+06   5.7695444e+09
 1.2401474e+06   5.7695444e+09
 1.2404068e+06   5.7920274e+09
 1.2404068e+06   5.7920274e+09
 1.2404068e+06   5.7920274e+09
 1.2404068e+06   5.7920274e+09
 1.2406645e+06   5.8110975e+09
 1.2406645e+06   5.8110975e+09
 1.2406645e+06   5.8110975e+09
 1.2406645e+06   5.8110975e+09
 1.2409177e+06   5.8265879e+09
 1.2409177e+06   5.8265879e+09
 1.2409177e+06   5.8265879e+09
 1.2409177e+06   5.8265879e+09
 1.2411697e+06   5.8387555e+09
 1.2411697e+06   5.8387555e+09
 1.2411697e+06   5.8387555e+09
 1.2411697e+06   5.8387555e+09
 1.2414167e+06   5.8474751e+09
 1.2414167e+06   5.8474751e+09
 1.2414167e+06   5.8474751e+09
 1.2414167e+06   5.8474751e+09
 1.2416631e+06   5.8529858e+09
 1.2416631e+06   5.8529858e+09
 1.2416631e+06   5.8529858e+09
 1.2416631e+06   5.8529858e+09
 1.2419041e+06   5.8552535e+09
 1.2419041e+06   5.8552535e+09
 1.2419041e+06   5.8552535e+09
 1.2419041e+06   5.8552535e+09
 1.2421449e+06   5.8544832e+09
 1.2421449e+06   5.8544832e+09
 1.2421449e+06   5.8544832e+09
 1.2421449e+06   5.8544832e+09
 1.2423781e+06   5.8508988e+09
 1.2423781e+06   5.8508988e+09
 1.2423781e+06   5.8508988e+09
 1.2423781e+06   5.8508988e+09
 1.2426114e+06   5.8448230e+09
 1.2426114e+06   5.8448230e+09
 1.2426114e+06   5.8448230e+09
 1.2426114e+06   5.8448230e+09
 1.2428447e+06   5.8363047e+09
 1.2428447e+06   5.8363047e+09
 1.2428447e+06   5.8363047e+09
 1.2428447e+06   5.8363047e+09
 1.2430725e+06   5.8254293e+09
 1.2430725e+06   5.8254293e+09
 1.2430725e+06   5.8254293e+09
 1.2430725e+06   5.8254293e+09
 1.2432963e+06   5.8124695e+09
 1.2432963e+06   5.8124695e+09
 1.2432963e+06   5.8124695e+09
 1.2432963e+06   5.8124695e+09
 1.2435201e+06   5.7974749e+09
 1.2435201e+06   5.7974749e+09
 1.2435201e+06   5.7974749e+09
 1.2435201e+06   5.7974749e+09
 1.2437429e+06   5.7804210e+09
 1.2437429e+06   5.7804210e+09
 1.2437429e+06   5.7804210e+09
 1.2437429e+06   5.7804210e+09
 1.2439576e+06   5.7619117e+09
 1.2439576e+06   5.7619117e+09
 1.2439576e+06   5.7619117e+09
 1.2439576e+06   5.7619117e+09
 1.2441723e+06   5.7417394e+09
 1.2441723e+06   5.7417394e+09
 1.2441723e+06   5.7417394e+09
 1.2441723e+06   5.7417394e+09
 1.2443870e+06   5.7199848e+09
 1.2443870e+06   5.7199848e+09
 1.2443870e+06   5.7199848e+09
 1.2443870e+06   5.7199848e+09
 1.2445959e+06   5.6971225e+09
 1.2445959e+06   5.6971225e+09
 1.2445959e+06   5.6971225e+09
 1.2445959e+06   5.6971225e+09
 1.2448018e+06   5.6732071e+09
 1.2448018e+06   5.6732071e+09
 1.2448018e+06   5.6732071e+09
 1.2448018e+06   5.6732071e+09
 1.2450077e+06   5.6481195e+09
 1.2450077e+06   5.6481195e+09
 1.2450077e+06   5.6481195e+09
 1.2450077e+06   5.6481195e+09
 1.2452119e+06   5.6217923e+09
 1.2452119e+06   5.6217923e+09
 1.2452119e+06   5.6217923e+09
 1.2452119e+06   5.6217923e+09
 1.2454093e+06   5.5947963e+09
 1.2454093e+06   5.5947963e+09
 1.2454093e+06   5.5947963e+09
 1.2454093e+06   5.5947963e+09
 1.2456068e+06   5.5665548e+09
 1.2456068e+06   5.5665548e+09
 1.2456068e+06   5.5665548e+09
 1.2456068e+06   5.5665548e+09
 1.2458043e+06   5.5370868e+09
 1.2458043e+06   5.5370868e+09
 1.2458043e+06   5.5370868e+09
 1.2458043e+06   5.5370868e+09
 1.2459956e+06   5.5072471e+09
 1.2459956e+06   5.5072471e+09
 1.2459956e+06   5.5072471e+09
 1.2459956e+06   5.5072471e+09
 1.2461849e+06   5.4766677e+09
 1.2461849e+06   5.4766677e+09
 1.2461849e+06   5.4766677e+09
 1.2461849e+06   5.4766677e+09
 1.2463742e+06   5.4452239e+09
 1.2463742e+06   5.4452239e+09
 1.2463742e+06   5.4452239e+09
 1.2463742e+06   5.4452239e+09
 1.2465610e+06   5.4133014e+09
 1.2465610e+06   5.4133014e+09
 1.2465610e+06   5.4133014e+09
 1.2465610e+06   5.4133014e+09
 1.2467425e+06   5.3814953e+09
 1.2467425e+06   5.3814953e+09
 1.2467425e+06   5.3814953e+09
 1.2467425e+06   5.3814953e+09
 1.2469240e+06   5.3490923e+09
 1.2469240e+06   5.3490923e+09
 1.2469240e+06   5.3490923e+09
 1.2469240e+06   5.3490923e+09
 1.2471055e+06   5.3161103e+09
 1.2471055e+06   5.3161103e+09
 1.2471055e+06   5.3161103e+09
 1.2471055e+06   5.3161103e+09
 1.2472803e+06   5.2837157e+09
 1.2472803e+06   5.2837157e+09
 1.2472803e+06   5.2837157e+09
 1.2472803e+06   5.2837157e+09
 1.2474542e+06   5.2510064e+09
 1.2474542e+06   5.2510064e+09
 1.2474542e+06   5.2510064e+09
 1.2474542e+06   5.2510064e+09
 1.2476282e+06   5.2178598e+09
 1.2476282e+06   5.2178598e+09
 1.2476282e+06   5.2178598e+09
 1.2476282e+06   5.2178598e+09
 1.2477989e+06   5.1848019e+09
 1.2477989e+06   5.1848019e+09
 1.2477989e+06   5.1848019e+09
 1.2477989e+06   5.1848019e+09
 1.2479656e+06   5.1519972e+09
 1.2479656e+06   5.1519972e+09
 1.2479656e+06   5.1519972e+09
 1.2479656e+06   5.1519972e+09
 1.2481322e+06   5.1186488e+09
 1.2481322e+06   5.1186488e+09
 1.2481322e+06   5.1186488e+09
 1.2481322e+06   5.1186488e+09
 1.2482989e+06   5.0847684e+09
 1.2482989e+06   5.0847684e+09
 1.2482989e+06   5.0847684e+09
 1.2482989e+06   5.0847684e+09
 1.2484585e+06   5.0518299e+09
 1.2484585e+06   5.0518299e+09
 1.2484585e+06   5.0518299e+09
 1.2484585e+06   5.0518299e+09
 1.2486182e+06   5.0185629e+09
 1.2486182e+06   5.0185629e+09
 1.2486182e+06   5.0185629e+09
 1.2486182e+06   5.0185629e+09
 1.2487779e+06   4.9850608e+09
 1.2487779e+06   4.9850608e+09
 1.2487779e+06   4.9850608e+09
 1.2487779e+06   4.9850608e+09
 1.2489336e+06   4.9521774e+09
 1.2489336e+06   4.9521774e+09
 1.2489336e+06   4.9521774e+09
 1.2489336e+06   4.9521774e+09
 1.2490866e+06   4.9197843e+09
 1.2490866e+06   4.9197843e+09
 1.2490866e+06   4.9197843e+09
 1.2490866e+06   4.9197843e+09
 1.2492395e+06   4.8873943e+09
 1.2492395e+06   4.8873943e+09
 1.2492395e+06   4.8873943e+09
 1.2492395e+06   4.8873943e+09
 1.2493914e+06   4.8552971e+09
 1.2493914e+06   4.8552971e+09
 1.2493914e+06   4.8552971e+09
 1.2493914e+06   4.8552971e+09
 1.2495379e+06   4.8245172e+09
 1.2495379e+06   4.8245172e+09
 1.2495379e+06   4.8245172e+09
 1.2495379e+06   4.8245172e+09
 1.2496843e+06   4.7940447e+09
 1.2496843e+06   4.7940447e+09
 1.2496843e+06   4.7940447e+09
 1.2496843e+06   4.7940447e+09
 1.2498308e+06   4.7640411e+09
 1.2498308e+06   4.7640411e+09
 1.2498308e+06   4.7640411e+09
 1.2498308e+06   4.7640411e+09
 1.2499727e+06   4.7355901e+09
 1.2499727e+06   4.7355901e+09
 1.2499727e+06   4.7355901e+09
 1.2499727e+06   4.7355901e+09
 1.2501129e+06   4.7082749e+09
 1.2501129e+06   4.7082749e+09
 1.2501129e+06   4.7082749e+09
 1.2501129e+06   4.7082749e+09
 1.2502531e+06   4.6820275e+09
 1.2502531e+06   4.6820275e+09
 1.2502531e+06   4.6820275e+09
 1.2502531e+06   4.6820275e+09
 1.2503914e+06   4.6574824e+09
 1.2503914e+06   4.6574824e+09
 1.2503914e+06   4.6574824e+09
 1.2503914e+06   4.6574824e+09
 1.2505256e+06   4.6352607e+09
 1.2505256e+06   4.6352607e+09
 1.2505256e+06   4.6352607e+09
 1.2505256e+06   4.6352607e+09
 1.2506599e+06   4.6150037e+09
 1.2506599e+06   4.6150037e+09
 1.2506599e+06   4.6150037e+09
 1.2506599e+06   4.6150037e+09
 1.2507941e+06   4.5971398e+09
 1.2507941e+06   4.5971398e+09
 1.2507941e+06   4.5971398e+09
 1.2507941e+06   4.5971398e+09
 1.2509230e+06   4.5826801e+09
 1.2509230e+06   4.5826801e+09
 1.2509230e+06   4.5826801e+09
 1.2509230e+06   4.5826801e+09
 1.2510515e+06   4.5714060e+09
 1.2510515e+06   4.5714060e+09
 1.2510515e+06   4.5714060e+09
 1.2510515e+06   4.5714060e+09
 1.2511799e+06   4.5638294e+09
 1.2511799e+06   4.5638294e+09
 1.2511799e+06   4.5638294e+09
 1.2511799e+06   4.5638294e+09
