 5.0000000e+03   9.1348565e+09
 5.0000000e+03   9.1348768e+09
 1.1551362e+06   9.2397377e+09
 1.1551362e+06   9.2397267e+09
 5.0000000e+03   9.1348470e+09
 5.0000000e+03   9.1348668e+09
 1.1551362e+06   9.2397429e+09
 1.1551362e+06   9.2397322e+09
 5.0000000e+03   9.1349108e+09
 1.1551362e+06   9.2397083e+09
 5.0000000e+03   9.1349032e+09
 1.1551362e+06   9.2397125e+09
 1.1802152e+06   1.0295657e+10
 1.1802152e+06   1.0295705e+10
 1.1802152e+06   1.0295631e+10
 1.1802152e+06   1.0295681e+10
 1.1802152e+06   1.0295786e+10
 1.1802152e+06   1.0295766e+10
 5.0000000e+03   9.1348522e+09
 5.0000000e+03   9.1348716e+09
 1.1551362e+06   9.2397402e+09
 1.1551362e+06   9.2397297e+09
 5.0000000e+03   9.1349101e+09
 1.1551362e+06   9.2397088e+09
 1.1802152e+06   1.0295645e+10
 1.1802152e+06   1.0295689e+10
 1.1802152e+06   1.0295785e+10
 5.0000000e+03   9.1349569e+09
 1.1551362e+06   9.2396833e+09
 5.0000000e+03   9.1349489e+09
 1.1551362e+06   9.2396878e+09
 5.0000000e+03   9.1350135e+09
 1.1551362e+06   9.2396526e+09
 5.0000000e+03   9.1350166e+09
 1.1551362e+06   9.2396510e+09
 1.1802152e+06   1.0295895e+10
 1.1802152e+06   1.0295879e+10
 1.1802152e+06   1.0296030e+10
 1.1802152e+06   1.0296037e+10
 5.0000000e+03   9.1349532e+09
 1.1551362e+06   9.2396855e+09
 5.0000000e+03   9.1350293e+09
 1.1551362e+06   9.2396441e+09
 1.1802152e+06   1.0295890e+10
 1.1802152e+06   1.0296067e+10
 1.1981748e+06   9.8669957e+09
 1.1981748e+06   9.8669553e+09
 1.1981748e+06   9.8670185e+09
 1.1981748e+06   9.8669824e+09
 1.1981748e+06   9.8668870e+09
 1.1981748e+06   9.8669040e+09
 1.2079828e+06   1.0060669e+10
 1.2079828e+06   1.0060713e+10
 1.2079828e+06   1.0060644e+10
 1.2079828e+06   1.0060685e+10
 1.2079828e+06   1.0060786e+10
 1.2079828e+06   1.0060766e+10
 1.1981748e+06   9.8670128e+09
 1.1981748e+06   9.8669767e+09
 1.1981748e+06   9.8668888e+09
 1.2079828e+06   1.0060651e+10
 1.2079828e+06   1.0060690e+10
 1.2079828e+06   1.0060780e+10
 1.1981748e+06   9.8667926e+09
 1.1981748e+06   9.8668033e+09
 1.1981748e+06   9.8666760e+09
 1.1981748e+06   9.8666709e+09
 1.2079828e+06   1.0060888e+10
 1.2079828e+06   1.0060870e+10
 1.2079828e+06   1.0061017e+10
 1.2079828e+06   1.0061023e+10
 1.1981748e+06   9.8667865e+09
 1.1981748e+06   9.8666461e+09
 1.2079828e+06   1.0060881e+10
 1.2079828e+06   1.0061051e+10
 5.0000000e+03   9.1348686e+09
 5.0000000e+03   9.1348882e+09
 1.1551362e+06   9.2397314e+09
 1.1551362e+06   9.2397208e+09
 5.0000000e+03   9.1349248e+09
 1.1551362e+06   9.2397010e+09
 1.1802152e+06   1.0295682e+10
 1.1802152e+06   1.0295734e+10
 1.1802152e+06   1.0295820e+10
 5.0000000e+03   9.1348989e+09
 5.0000000e+03   9.1349240e+09
 1.1551362e+06   9.2397150e+09
 1.1551362e+06   9.2397014e+09
 5.0000000e+03   9.1349634e+09
 1.1551362e+06   9.2396800e+09
 1.1802152e+06   1.0295758e+10
 1.1802152e+06   1.0295817e+10
 1.1802152e+06   1.0295911e+10
 5.0000000e+03   9.1349669e+09
 1.1551362e+06   9.2396783e+09
 5.0000000e+03   9.1350458e+09
 1.1551362e+06   9.2396352e+09
 1.1802152e+06   1.0295923e+10
 1.1802152e+06   1.0296106e+10
 5.0000000e+03   9.1350041e+09
 1.1551362e+06   9.2396581e+09
 5.0000000e+03   9.1350843e+09
 1.1551362e+06   9.2396141e+09
 1.1802152e+06   1.0296007e+10
 1.1802152e+06   1.0296198e+10
 1.1981748e+06   9.8669754e+09
 1.1981748e+06   9.8669363e+09
 1.1981748e+06   9.8668540e+09
 1.2079828e+06   1.0060687e+10
 1.2079828e+06   1.0060728e+10
 1.2079828e+06   1.0060812e+10
 1.1981748e+06   9.8669110e+09
 1.1981748e+06   9.8668611e+09
 1.1981748e+06   9.8667821e+09
 1.2079828e+06   1.0060753e+10
 1.2079828e+06   1.0060807e+10
 1.2079828e+06   1.0060895e+10
 1.1981748e+06   9.8667640e+09
 1.1981748e+06   9.8666114e+09
 1.2079828e+06   1.0060905e+10
 1.2079828e+06   1.0061088e+10
 1.1981748e+06   9.8666979e+09
 1.1981748e+06   9.8665303e+09
 1.2079828e+06   1.0060986e+10
 1.2079828e+06   1.0061183e+10
 5.0000000e+03   9.1350728e+09
 1.1551362e+06   9.2396204e+09
 5.0000000e+03   9.1350873e+09
 1.1551362e+06   9.2396125e+09
 5.0000000e+03   9.1351388e+09
 1.1551362e+06   9.2395846e+09
 5.0000000e+03   9.1351532e+09
 1.1551362e+06   9.2395768e+09
 1.1802152e+06   1.0296169e+10
 1.1802152e+06   1.0296202e+10
 1.1802152e+06   1.0296327e+10
 1.1802152e+06   1.0296360e+10
 5.0000000e+03   9.1351099e+09
 1.1551362e+06   9.2396002e+09
 5.0000000e+03   9.1351734e+09
 1.1551362e+06   9.2395657e+09
 1.1802152e+06   1.0296252e+10
 1.1802152e+06   1.0296409e+10
 5.0000000e+03   9.1352074e+09
 1.1551362e+06   9.2395474e+09
 5.0000000e+03   9.1352265e+09
 1.1551362e+06   9.2395369e+09
 5.0000000e+03   9.1352775e+09
 1.1551362e+06   9.2395093e+09
 5.0000000e+03   9.1352966e+09
 1.1551362e+06   9.2394989e+09
 1.1802152e+06   1.0296488e+10
 1.1802152e+06   1.0296535e+10
 1.1802152e+06   1.0296657e+10
 1.1802152e+06   1.0296711e+10
 5.0000000e+03   9.1352477e+09
 1.1551362e+06   9.2395253e+09
 5.0000000e+03   9.1353146e+09
 1.1551362e+06   9.2394890e+09
 1.1802152e+06   1.0296591e+10
 1.1802152e+06   1.0296748e+10
 1.1981748e+06   9.8665551e+09
 1.1981748e+06   9.8665373e+09
 1.1981748e+06   9.8664207e+09
 1.1981748e+06   9.8663939e+09
 1.2079828e+06   1.0061153e+10
 1.2079828e+06   1.0061182e+10
 1.2079828e+06   1.0061305e+10
 1.2079828e+06   1.0061339e+10
 1.1981748e+06   9.8664989e+09
 1.1981748e+06   9.8663473e+09
 1.2079828e+06   1.0061232e+10
 1.2079828e+06   1.0061390e+10
 1.1981748e+06   9.8662786e+09
 1.1981748e+06   9.8662304e+09
 1.1981748e+06   9.8661270e+09
 1.1981748e+06   9.8660799e+09
 1.2079828e+06   1.0061466e+10
 1.2079828e+06   1.0061518e+10
 1.2079828e+06   1.0061636e+10
 1.2079828e+06   1.0061689e+10
 1.1981748e+06   9.8661720e+09
 1.1981748e+06   9.8660327e+09
 1.2079828e+06   1.0061580e+10
 1.2079828e+06   1.0061739e+10
 5.0000000e+03   9.1351319e+09
 1.1551362e+06   9.2395881e+09
 5.0000000e+03   9.1351943e+09
 1.1551362e+06   9.2395543e+09
 1.1802152e+06   1.0296309e+10
 1.1802152e+06   1.0296462e+10
 5.0000000e+03   9.1351709e+09
 1.1551362e+06   9.2395667e+09
 5.0000000e+03   9.1352277e+09
 1.1551362e+06   9.2395360e+09
 1.1802152e+06   1.0296402e+10
 1.1802152e+06   1.0296538e+10
 5.0000000e+03   9.1352692e+09
 1.1551362e+06   9.2395136e+09
 5.0000000e+03   9.1353382e+09
 1.1551362e+06   9.2394762e+09
 1.1802152e+06   1.0296639e+10
 1.1802152e+06   1.0296810e+10
 5.0000000e+03   9.1352949e+09
 1.1551362e+06   9.2394995e+09
 5.0000000e+03   9.1353587e+09
 1.1551362e+06   9.2394649e+09
 1.1802152e+06   1.0296698e+10
 1.1802152e+06   1.0296849e+10
 1.1981748e+06   9.8664390e+09
 1.1981748e+06   9.8662961e+09
 1.2079828e+06   1.0061293e+10
 1.2079828e+06   1.0061445e+10
 1.1981748e+06   9.8663504e+09
 1.1981748e+06   9.8662317e+09
 1.2079828e+06   1.0061396e+10
 1.2079828e+06   1.0061526e+10
 1.1981748e+06   9.8661291e+09
 1.1981748e+06   9.8659887e+09
 1.2079828e+06   1.0061631e+10
 1.2079828e+06   1.0061795e+10
 1.1981748e+06   9.8660870e+09
 1.1981748e+06   9.8659475e+09
 1.2079828e+06   1.0061690e+10
 1.2079828e+06   1.0061845e+10
 1.2214159e+06   9.8433178e+09
 1.2214159e+06   9.8432953e+09
 1.2214159e+06   9.8433464e+09
 1.2214159e+06   9.8433271e+09
 1.2214159e+06   9.8432534e+09
 1.2214159e+06   9.8432786e+09
 1.2354756e+06   1.0073168e+10
 1.2354756e+06   1.0073214e+10
 1.2354756e+06   1.0073130e+10
 1.2354756e+06   1.0073174e+10
 1.2354756e+06   1.0073294e+10
 1.2354756e+06   1.0073261e+10
 1.2214159e+06   9.8433551e+09
 1.2214159e+06   9.8433366e+09
 1.2214159e+06   9.8432807e+09
 1.2354756e+06   1.0073130e+10
 1.2354756e+06   1.0073172e+10
 1.2354756e+06   1.0073266e+10
 1.2214159e+06   9.8431954e+09
 1.2214159e+06   9.8432174e+09
 1.2214159e+06   9.8431577e+09
 1.2214159e+06   9.8431591e+09
 1.2354756e+06   1.0073405e+10
 1.2354756e+06   1.0073368e+10
 1.2354756e+06   1.0073526e+10
 1.2354756e+06   1.0073529e+10
 1.2214159e+06   9.8432223e+09
 1.2214159e+06   9.8431510e+09
 1.2354756e+06   1.0073362e+10
 1.2354756e+06   1.0073557e+10
 1.2450312e+06   9.9532743e+09
 1.2450312e+06   9.9531682e+09
 1.2450312e+06   9.9533397e+09
 1.2450312e+06   9.9532406e+09
 1.2450312e+06   9.9529818e+09
 1.2450312e+06   9.9530382e+09
 1.2511000e+06   9.9710273e+09
 1.2511000e+06   9.9707497e+09
 1.2511000e+06   9.9711678e+09
 1.2511000e+06   9.9709043e+09
 1.2511000e+06   9.9702794e+09
 1.2511000e+06   9.9703953e+09
 1.2450312e+06   9.9533271e+09
 1.2450312e+06   9.9532281e+09
 1.2450312e+06   9.9530119e+09
 1.2511000e+06   9.9711116e+09
 1.2511000e+06   9.9708466e+09
 1.2511000e+06   9.9703098e+09
 1.2450312e+06   9.9527231e+09
 1.2450312e+06   9.9527851e+09
 1.2450312e+06   9.9524088e+09
 1.2450312e+06   9.9523946e+09
 1.2511000e+06   9.9696297e+09
 1.2511000e+06   9.9697584e+09
 1.2511000e+06   9.9688089e+09
 1.2511000e+06   9.9687657e+09
 1.2450312e+06   9.9527736e+09
 1.2450312e+06   9.9523232e+09
 1.2511000e+06   9.9697060e+09
 1.2511000e+06   9.9685799e+09
 1.2214159e+06   9.8433412e+09
 1.2214159e+06   9.8433255e+09
 1.2214159e+06   9.8432712e+09
 1.2354756e+06   1.0073158e+10
 1.2354756e+06   1.0073197e+10
 1.2354756e+06   1.0073286e+10
 1.2214159e+06   9.8433117e+09
 1.2214159e+06   9.8432776e+09
 1.2214159e+06   9.8432267e+09
 1.2354756e+06   1.0073221e+10
 1.2354756e+06   1.0073283e+10
 1.2354756e+06   1.0073383e+10
 1.2214159e+06   9.8432394e+09
 1.2214159e+06   9.8431492e+09
 1.2354756e+06   1.0073367e+10
 1.2354756e+06   1.0073582e+10
 1.2214159e+06   9.8432151e+09
 1.2214159e+06   9.8430874e+09
 1.2354756e+06   1.0073453e+10
 1.2354756e+06   1.0073699e+10
 1.2450312e+06   9.9532471e+09
 1.2450312e+06   9.9531507e+09
 1.2450312e+06   9.9529430e+09
 1.2511000e+06   9.9708893e+09
 1.2511000e+06   9.9706298e+09
 1.2511000e+06   9.9701150e+09
 1.2450312e+06   9.9530910e+09
 1.2450312e+06   9.9529506e+09
 1.2450312e+06   9.9527239e+09
 1.2511000e+06   9.9704789e+09
 1.2511000e+06   9.9701284e+09
 1.2511000e+06   9.9695658e+09
 1.2450312e+06   9.9527251e+09
 1.2450312e+06   9.9522392e+09
 1.2511000e+06   9.9695324e+09
 1.2511000e+06   9.9683429e+09
 1.2450312e+06   9.9525140e+09
 1.2450312e+06   9.9519892e+09
 1.2511000e+06   9.9689901e+09
 1.2511000e+06   9.9677498e+09
 1.2214159e+06   9.8431094e+09
 1.2214159e+06   9.8430932e+09
 1.2214159e+06   9.8430573e+09
 1.2214159e+06   9.8430393e+09
 1.2354756e+06   1.0073661e+10
 1.2354756e+06   1.0073707e+10
 1.2354756e+06   1.0073812e+10
 1.2354756e+06   1.0073854e+10
 1.2214159e+06   9.8430649e+09
 1.2214159e+06   9.8430089e+09
 1.2354756e+06   1.0073775e+10
 1.2354756e+06   1.0073914e+10
 1.2214159e+06   9.8430029e+09
 1.2214159e+06   9.8429685e+09
 1.2214159e+06   9.8429322e+09
 1.2214159e+06   9.8428958e+09
 1.2354756e+06   1.0073970e+10
 1.2354756e+06   1.0074028e+10
 1.2354756e+06   1.0074140e+10
 1.2354756e+06   1.0074202e+10
 1.2214159e+06   9.8429243e+09
 1.2214159e+06   9.8428610e+09
 1.2354756e+06   1.0074095e+10
 1.2354756e+06   1.0074258e+10
 1.2450312e+06   9.9520657e+09
 1.2450312e+06   9.9519729e+09
 1.2450312e+06   9.9516806e+09
 1.2450312e+06   9.9515864e+09
 1.2511000e+06   9.9679275e+09
 1.2511000e+06   9.9677013e+09
 1.2511000e+06   9.9669189e+09
 1.2511000e+06   9.9666906e+09
 1.2450312e+06   9.9518271e+09
 1.2450312e+06   9.9514505e+09
 1.2511000e+06   9.9673442e+09
 1.2511000e+06   9.9663743e+09
 1.2450312e+06   9.9512675e+09
 1.2450312e+06   9.9511348e+09
 1.2450312e+06   9.9508339e+09
 1.2450312e+06   9.9506991e+09
 1.2511000e+06   9.9658940e+09
 1.2511000e+06   9.9655993e+09
 1.2511000e+06   9.9648575e+09
 1.2511000e+06   9.9645634e+09
 1.2450312e+06   9.9509847e+09
 1.2450312e+06   9.9505638e+09
 1.2511000e+06   9.9652739e+09
 1.2511000e+06   9.9642680e+09
 1.2214159e+06   9.8430291e+09
 1.2214159e+06   9.8429805e+09
 1.2354756e+06   1.0073835e+10
 1.2354756e+06   1.0073970e+10
 1.2214159e+06   9.8429540e+09
 1.2214159e+06   9.8429255e+09
 1.2354756e+06   1.0073965e+10
 1.2354756e+06   1.0074077e+10
 1.2214159e+06   9.8428950e+09
 1.2214159e+06   9.8428288e+09
 1.2354756e+06   1.0074158e+10
 1.2354756e+06   1.0074329e+10
 1.2214159e+06   9.8428560e+09
 1.2214159e+06   9.8427968e+09
 1.2354756e+06   1.0074243e+10
 1.2354756e+06   1.0074393e+10
 1.2450312e+06   9.9516833e+09
 1.2450312e+06   9.9513142e+09
 1.2511000e+06   9.9669893e+09
 1.2511000e+06   9.9660612e+09
 1.2450312e+06   9.9514100e+09
 1.2450312e+06   9.9510852e+09
 1.2511000e+06   9.9663691e+09
 1.2511000e+06   9.9655606e+09
 1.2450312e+06   9.9508405e+09
 1.2450312e+06   9.9504048e+09
 1.2511000e+06   9.9649453e+09
 1.2511000e+06   9.9639111e+09
 1.2450312e+06   9.9506617e+09
 1.2450312e+06   9.9502562e+09
 1.2511000e+06   9.9645498e+09
 1.2511000e+06   9.9635817e+09
 5.0000000e+03   9.1349280e+09
 5.0000000e+03   9.1349594e+09
 1.1551362e+06   9.2396992e+09
 1.1551362e+06   9.2396821e+09
 5.0000000e+03   9.1350054e+09
 1.1551362e+06   9.2396571e+09
 1.1802152e+06   1.0295823e+10
 1.1802152e+06   1.0295900e+10
 1.1802152e+06   1.0296006e+10
 5.0000000e+03   9.1349688e+09
 5.0000000e+03   9.1349981e+09
 1.1551362e+06   9.2396770e+09
 1.1551362e+06   9.2396611e+09
 5.0000000e+03   9.1350416e+09
 1.1551362e+06   9.2396374e+09
 1.1802152e+06   1.0295922e+10
 1.1802152e+06   1.0295990e+10
 1.1802152e+06   1.0296097e+10
 5.0000000e+03   9.1350515e+09
 1.1551362e+06   9.2396321e+09
 5.0000000e+03   9.1351303e+09
 1.1551362e+06   9.2395889e+09
 1.1802152e+06   1.0296121e+10
 1.1802152e+06   1.0296307e+10
 5.0000000e+03   9.1350861e+09
 1.1551362e+06   9.2396132e+09
 5.0000000e+03   9.1351571e+09
 1.1551362e+06   9.2395744e+09
 1.1802152e+06   1.0296207e+10
 1.1802152e+06   1.0296370e+10
 1.1981748e+06   9.8668547e+09
 1.1981748e+06   9.8667999e+09
 1.1981748e+06   9.8667061e+09
 1.2079828e+06   1.0060817e+10
 1.2079828e+06   1.0060883e+10
 1.2079828e+06   1.0060990e+10
 1.1981748e+06   9.8667759e+09
 1.1981748e+06   9.8667195e+09
 1.1981748e+06   9.8666188e+09
 1.2079828e+06   1.0060908e+10
 1.2079828e+06   1.0060974e+10
 1.2079828e+06   1.0061082e+10
 1.1981748e+06   9.8665980e+09
 1.1981748e+06   9.8664348e+09
 1.2079828e+06   1.0061103e+10
 1.2079828e+06   1.0061296e+10
 1.1981748e+06   9.8665110e+09
 1.1981748e+06   9.8663811e+09
 1.2079828e+06   1.0061194e+10
 1.2079828e+06   1.0061356e+10
 5.0000000e+03   9.1350155e+09
 5.0000000e+03   9.1350557e+09
 1.1551362e+06   9.2396515e+09
 1.1551362e+06   9.2396297e+09
 5.0000000e+03   9.1351055e+09
 1.1551362e+06   9.2396026e+09
 1.1802152e+06   1.0296030e+10
 1.1802152e+06   1.0296130e+10
 1.1802152e+06   1.0296251e+10
 5.0000000e+03   9.1350705e+09
 5.0000000e+03   9.1350849e+09
 1.1551362e+06   9.2396216e+09
 1.1551362e+06   9.2396137e+09
 5.0000000e+03   9.1351043e+09
 1.1551362e+06   9.2396031e+09
 1.1802152e+06   1.0296165e+10
 1.1802152e+06   1.0296206e+10
 1.1802152e+06   1.0296248e+10
 5.0000000e+03   9.1351581e+09
 1.1551362e+06   9.2395740e+09
 5.0000000e+03   9.1352244e+09
 1.1551362e+06   9.2395379e+09
 1.1802152e+06   1.0296377e+10
 1.1802152e+06   1.0296529e+10
 5.0000000e+03   9.1351337e+09
 1.1551362e+06   9.2395872e+09
 5.0000000e+03   9.1351665e+09
 1.1551362e+06   9.2395693e+09
 1.1802152e+06   1.0296321e+10
 1.1802152e+06   1.0296392e+10
 1.1981748e+06   9.8666751e+09
 1.1981748e+06   9.8665896e+09
 1.1981748e+06   9.8664744e+09
 1.2079828e+06   1.0061020e+10
 1.2079828e+06   1.0061116e+10
 1.2079828e+06   1.0061239e+10
 1.1981748e+06   9.8665588e+09
 1.1981748e+06   9.8665256e+09
 1.1981748e+06   9.8664794e+09
 1.2079828e+06   1.0061151e+10
 1.2079828e+06   1.0061188e+10
 1.2079828e+06   1.0061237e+10
 1.1981748e+06   9.8663630e+09
 1.1981748e+06   9.8662412e+09
 1.2079828e+06   1.0061363e+10
 1.2079828e+06   1.0061515e+10
 1.1981748e+06   9.8664250e+09
 1.1981748e+06   9.8663596e+09
 1.2079828e+06   1.0061303e+10
 1.2079828e+06   1.0061380e+10
 5.0000000e+03   9.1352141e+09
 1.1551362e+06   9.2395432e+09
 5.0000000e+03   9.1352726e+09
 1.1551362e+06   9.2395116e+09
 1.1802152e+06   1.0296500e+10
 1.1802152e+06   1.0296642e+10
 5.0000000e+03   9.1352370e+09
 1.1551362e+06   9.2395310e+09
 5.0000000e+03   9.1352963e+09
 1.1551362e+06   9.2394988e+09
 1.1802152e+06   1.0296554e+10
 1.1802152e+06   1.0296702e+10
 5.0000000e+03   9.1353386e+09
 1.1551362e+06   9.2394758e+09
 5.0000000e+03   9.1353969e+09
 1.1551362e+06   9.2394443e+09
 1.1802152e+06   1.0296800e+10
 1.1802152e+06   1.0296948e+10
 5.0000000e+03   9.1353622e+09
 1.1551362e+06   9.2394630e+09
 5.0000000e+03   9.1354222e+09
 1.1551362e+06   9.2394306e+09
 1.1802152e+06   1.0296864e+10
 1.1802152e+06   1.0297006e+10
 1.1981748e+06   9.8662754e+09
 1.1981748e+06   9.8661446e+09
 1.2079828e+06   1.0061491e+10
 1.2079828e+06   1.0061632e+10
 1.1981748e+06   9.8662324e+09
 1.1981748e+06   9.8660837e+09
 1.2079828e+06   1.0061539e+10
 1.2079828e+06   1.0061692e+10
 1.1981748e+06   9.8659885e+09
 1.1981748e+06   9.8658583e+09
 1.2079828e+06   1.0061798e+10
 1.2079828e+06   1.0061940e+10
 1.1981748e+06   9.8659217e+09
 1.1981748e+06   9.8657950e+09
 1.2079828e+06   1.0061861e+10
 1.2079828e+06   1.0062003e+10
 5.0000000e+03   9.1353020e+09
 1.1551362e+06   9.2394957e+09
 5.0000000e+03   9.1353670e+09
 1.1551362e+06   9.2394605e+09
 1.1802152e+06   1.0296712e+10
 1.1802152e+06   1.0296875e+10
 5.0000000e+03   9.1352132e+09
 1.1551362e+06   9.2395440e+09
 5.0000000e+03   9.1352650e+09
 1.1551362e+06   9.2395159e+09
 1.1802152e+06   1.0296509e+10
 1.1802152e+06   1.0296629e+10
 5.0000000e+03   9.1354373e+09
 1.1551362e+06   9.2394224e+09
 5.0000000e+03   9.1354848e+09
 1.1551362e+06   9.2393968e+09
 1.1802152e+06   1.0297041e+10
 1.1802152e+06   1.0297161e+10
 5.0000000e+03   9.1353069e+09
 1.1551362e+06   9.2394933e+09
 5.0000000e+03   9.1354020e+09
 1.1551362e+06   9.2394418e+09
 1.1802152e+06   1.0296732e+10
 1.1802152e+06   1.0296954e+10
 1.1981748e+06   9.8660790e+09
 1.1981748e+06   9.8659205e+09
 1.2079828e+06   1.0061702e+10
 1.2079828e+06   1.0061867e+10
 1.1981748e+06   9.8662580e+09
 1.1981748e+06   9.8661414e+09
 1.2079828e+06   1.0061491e+10
 1.2079828e+06   1.0061616e+10
 1.1981748e+06   9.8657579e+09
 1.1981748e+06   9.8656643e+09
 1.2079828e+06   1.0062042e+10
 1.2079828e+06   1.0062151e+10
 1.1981748e+06   9.8660584e+09
 1.1981748e+06   9.8658536e+09
 1.2079828e+06   1.0061711e+10
 1.2079828e+06   1.0061939e+10
 1.2214159e+06   9.8432587e+09
 1.2214159e+06   9.8432193e+09
 1.2214159e+06   9.8431768e+09
 1.2354756e+06   1.0073307e+10
 1.2354756e+06   1.0073391e+10
 1.2354756e+06   1.0073503e+10
 1.2214159e+06   9.8432042e+09
 1.2214159e+06   9.8431824e+09
 1.2214159e+06   9.8431314e+09
 1.2354756e+06   1.0073418e+10
 1.2354756e+06   1.0073486e+10
 1.2354756e+06   1.0073593e+10
 1.2214159e+06   9.8431357e+09
 1.2214159e+06   9.8430160e+09
 1.2354756e+06   1.0073602e+10
 1.2354756e+06   1.0073839e+10
 1.2214159e+06   9.8430876e+09
 1.2214159e+06   9.8430050e+09
 1.2354756e+06   1.0073692e+10
 1.2354756e+06   1.0073892e+10
 1.2450312e+06   9.9529123e+09
 1.2450312e+06   9.9527333e+09
 1.2450312e+06   9.9524633e+09
 1.2511000e+06   9.9700565e+09
 1.2511000e+06   9.9696133e+09
 1.2511000e+06   9.9689333e+09
 1.2450312e+06   9.9526721e+09
 1.2450312e+06   9.9525045e+09
 1.2450312e+06   9.9522441e+09
 1.2511000e+06   9.9694686e+09
 1.2511000e+06   9.9690393e+09
 1.2511000e+06   9.9683927e+09
 1.2450312e+06   9.9522019e+09
 1.2450312e+06   9.9516866e+09
 1.2511000e+06   9.9682620e+09
 1.2511000e+06   9.9670256e+09
 1.2450312e+06   9.9519856e+09
 1.2450312e+06   9.9515361e+09
 1.2511000e+06   9.9677272e+09
 1.2511000e+06   9.9666284e+09
 1.2214159e+06   9.8431562e+09
 1.2214159e+06   9.8431151e+09
 1.2214159e+06   9.8430591e+09
 1.2354756e+06   1.0073532e+10
 1.2354756e+06   1.0073630e+10
 1.2354756e+06   1.0073752e+10
 1.2214159e+06   9.8430982e+09
 1.2214159e+06   9.8430770e+09
 1.2214159e+06   9.8430503e+09
 1.2354756e+06   1.0073669e+10
 1.2354756e+06   1.0073710e+10
 1.2354756e+06   1.0073761e+10
 1.2214159e+06   9.8430137e+09
 1.2214159e+06   9.8429451e+09
 1.2354756e+06   1.0073874e+10
 1.2354756e+06   1.0074052e+10
 1.2214159e+06   9.8430227e+09
 1.2214159e+06   9.8429870e+09
 1.2354756e+06   1.0073837e+10
 1.2354756e+06   1.0073920e+10
 1.2450312e+06   9.9523932e+09
 1.2450312e+06   9.9521574e+09
 1.2450312e+06   9.9518560e+09
 1.2511000e+06   9.9687712e+09
 1.2511000e+06   9.9681759e+09
 1.2511000e+06   9.9674221e+09
 1.2450312e+06   9.9520667e+09
 1.2450312e+06   9.9519768e+09
 1.2450312e+06   9.9518519e+09
 1.2511000e+06   9.9679513e+09
 1.2511000e+06   9.9677351e+09
 1.2511000e+06   9.9674276e+09
 1.2450312e+06   9.9515444e+09
 1.2450312e+06   9.9511269e+09
 1.2511000e+06   9.9666098e+09
 1.2511000e+06   9.9656202e+09
 1.2450312e+06   9.9516765e+09
 1.2450312e+06   9.9514711e+09
 1.2511000e+06   9.9669991e+09
 1.2511000e+06   9.9665152e+09
 1.2214159e+06   9.8429171e+09
 1.2214159e+06   9.8428786e+09
 1.2354756e+06   1.0074075e+10
 1.2354756e+06   1.0074192e+10
 1.2214159e+06   9.8429201e+09
 1.2214159e+06   9.8428659e+09
 1.2354756e+06   1.0074107e+10
 1.2354756e+06   1.0074233e+10
 1.2214159e+06   9.8428134e+09
 1.2214159e+06   9.8427668e+09
 1.2354756e+06   1.0074345e+10
 1.2354756e+06   1.0074474e+10
 1.2214159e+06   9.8427950e+09
 1.2214159e+06   9.8427514e+09
 1.2354756e+06   1.0074387e+10
 1.2354756e+06   1.0074520e+10
 1.2450312e+06   9.9511446e+09
 1.2450312e+06   9.9508045e+09
 1.2511000e+06   9.9657396e+09
 1.2511000e+06   9.9648952e+09
 1.2450312e+06   9.9510304e+09
 1.2450312e+06   9.9506679e+09
 1.2511000e+06   9.9654298e+09
 1.2511000e+06   9.9645496e+09
 1.2450312e+06   9.9503847e+09
 1.2450312e+06   9.9500241e+09
 1.2511000e+06   9.9638907e+09
 1.2511000e+06   9.9630095e+09
 1.2450312e+06   9.9502460e+09
 1.2450312e+06   9.9498683e+09
 1.2511000e+06   9.9635462e+09
 1.2511000e+06   9.9626179e+09
 1.2214159e+06   9.8428631e+09
 1.2214159e+06   9.8428022e+09
 1.2354756e+06   1.0074249e+10
 1.2354756e+06   1.0074393e+10
 1.2214159e+06   9.8429504e+09
 1.2214159e+06   9.8429094e+09
 1.2354756e+06   1.0074022e+10
 1.2354756e+06   1.0074134e+10
 1.2214159e+06   9.8427375e+09
 1.2214159e+06   9.8427131e+09
 1.2354756e+06   1.0074553e+10
 1.2354756e+06   1.0074654e+10
 1.2214159e+06   9.8428867e+09
 1.2214159e+06   9.8428092e+09
 1.2354756e+06   1.0074222e+10
 1.2354756e+06   1.0074436e+10
 1.2450312e+06   9.9506359e+09
 1.2450312e+06   9.9502283e+09
 1.2511000e+06   9.9644644e+09
 1.2511000e+06   9.9634892e+09
 1.2450312e+06   9.9511981e+09
 1.2450312e+06   9.9508832e+09
 1.2511000e+06   9.9658284e+09
 1.2511000e+06   9.9650425e+09
 1.2450312e+06   9.9497752e+09
 1.2450312e+06   9.9494792e+09
 1.2511000e+06   9.9623908e+09
 1.2511000e+06   9.9616471e+09
 1.2450312e+06   9.9506377e+09
 1.2450312e+06   9.9500389e+09
 1.2511000e+06   9.9644389e+09
 1.2511000e+06   9.9629722e+09
 5.0000000e+03   9.1352074e+09
 1.1551362e+06   9.2395474e+09
 5.0000000e+03   9.1352265e+09
 1.1551362e+06   9.2395369e+09
 5.0000000e+03   9.1351388e+09
 1.1551362e+06   9.2395846e+09
 5.0000000e+03   9.1351532e+09
 1.1551362e+06   9.2395768e+09
 1.1802152e+06   1.0296488e+10
 1.1802152e+06   1.0296535e+10
 1.1802152e+06   1.0296327e+10
 1.1802152e+06   1.0296360e+10
 5.0000000e+03   9.1352477e+09
 1.1551362e+06   9.2395253e+09
 5.0000000e+03   9.1351734e+09
 1.1551362e+06   9.2395657e+09
 1.1802152e+06   1.0296591e+10
 1.1802152e+06   1.0296409e+10
 5.0000000e+03   9.1350728e+09
 1.1551362e+06   9.2396204e+09
 5.0000000e+03   9.1350873e+09
 1.1551362e+06   9.2396125e+09
 5.0000000e+03   9.1350135e+09
 1.1551362e+06   9.2396526e+09
 5.0000000e+03   9.1350166e+09
 1.1551362e+06   9.2396510e+09
 1.1802152e+06   1.0296169e+10
 1.1802152e+06   1.0296202e+10
 1.1802152e+06   1.0296030e+10
 1.1802152e+06   1.0296037e+10
 5.0000000e+03   9.1351099e+09
 1.1551362e+06   9.2396002e+09
 5.0000000e+03   9.1350293e+09
 1.1551362e+06   9.2396441e+09
 1.1802152e+06   1.0296252e+10
 1.1802152e+06   1.0296067e+10
 1.1981748e+06   9.8662786e+09
 1.1981748e+06   9.8662304e+09
 1.1981748e+06   9.8664207e+09
 1.1981748e+06   9.8663939e+09
 1.2079828e+06   1.0061466e+10
 1.2079828e+06   1.0061518e+10
 1.2079828e+06   1.0061305e+10
 1.2079828e+06   1.0061339e+10
 1.1981748e+06   9.8661720e+09
 1.1981748e+06   9.8663473e+09
 1.2079828e+06   1.0061580e+10
 1.2079828e+06   1.0061390e+10
 1.1981748e+06   9.8665551e+09
 1.1981748e+06   9.8665373e+09
 1.1981748e+06   9.8666760e+09
 1.1981748e+06   9.8666709e+09
 1.2079828e+06   1.0061153e+10
 1.2079828e+06   1.0061182e+10
 1.2079828e+06   1.0061017e+10
 1.2079828e+06   1.0061023e+10
 1.1981748e+06   9.8664989e+09
 1.1981748e+06   9.8666461e+09
 1.2079828e+06   1.0061232e+10
 1.2079828e+06   1.0061051e+10
 5.0000000e+03   9.1352692e+09
 1.1551362e+06   9.2395136e+09
 5.0000000e+03   9.1351943e+09
 1.1551362e+06   9.2395543e+09
 1.1802152e+06   1.0296639e+10
 1.1802152e+06   1.0296462e+10
 5.0000000e+03   9.1352949e+09
 1.1551362e+06   9.2394995e+09
 5.0000000e+03   9.1352277e+09
 1.1551362e+06   9.2395360e+09
 1.1802152e+06   1.0296698e+10
 1.1802152e+06   1.0296538e+10
 5.0000000e+03   9.1351319e+09
 1.1551362e+06   9.2395881e+09
 5.0000000e+03   9.1350458e+09
 1.1551362e+06   9.2396352e+09
 1.1802152e+06   1.0296309e+10
 1.1802152e+06   1.0296106e+10
 5.0000000e+03   9.1351709e+09
 1.1551362e+06   9.2395667e+09
 5.0000000e+03   9.1350843e+09
 1.1551362e+06   9.2396141e+09
 1.1802152e+06   1.0296402e+10
 1.1802152e+06   1.0296198e+10
 1.1981748e+06   9.8661291e+09
 1.1981748e+06   9.8662961e+09
 1.2079828e+06   1.0061631e+10
 1.2079828e+06   1.0061445e+10
 1.1981748e+06   9.8660870e+09
 1.1981748e+06   9.8662317e+09
 1.2079828e+06   1.0061690e+10
 1.2079828e+06   1.0061526e+10
 1.1981748e+06   9.8664390e+09
 1.1981748e+06   9.8666114e+09
 1.2079828e+06   1.0061293e+10
 1.2079828e+06   1.0061088e+10
 1.1981748e+06   9.8663504e+09
 1.1981748e+06   9.8665303e+09
 1.2079828e+06   1.0061396e+10
 1.2079828e+06   1.0061183e+10
 5.0000000e+03   9.1349569e+09
 1.1551362e+06   9.2396833e+09
 5.0000000e+03   9.1349489e+09
 1.1551362e+06   9.2396878e+09
 5.0000000e+03   9.1349108e+09
 1.1551362e+06   9.2397083e+09
 5.0000000e+03   9.1349032e+09
 1.1551362e+06   9.2397125e+09
 1.1802152e+06   1.0295895e+10
 1.1802152e+06   1.0295879e+10
 1.1802152e+06   1.0295786e+10
 1.1802152e+06   1.0295766e+10
 5.0000000e+03   9.1349532e+09
 1.1551362e+06   9.2396855e+09
 5.0000000e+03   9.1349101e+09
 1.1551362e+06   9.2397088e+09
 1.1802152e+06   1.0295890e+10
 1.1802152e+06   1.0295785e+10
 5.0000000e+03   9.1348768e+09
 1.1551362e+06   9.2397267e+09
 5.0000000e+03   9.1348668e+09
 1.1551362e+06   9.2397322e+09
 5.0000000e+03   9.1348565e+09
 1.1551362e+06   9.2397377e+09
 5.0000000e+03   9.1348470e+09
 1.1551362e+06   9.2397429e+09
 1.1802152e+06   1.0295705e+10
 1.1802152e+06   1.0295681e+10
 1.1802152e+06   1.0295657e+10
 1.1802152e+06   1.0295631e+10
 5.0000000e+03   9.1348716e+09
 1.1551362e+06   9.2397297e+09
 5.0000000e+03   9.1348522e+09
 1.1551362e+06   9.2397402e+09
 1.1802152e+06   1.0295689e+10
 1.1802152e+06   1.0295645e+10
 1.1981748e+06   9.8667926e+09
 1.1981748e+06   9.8668033e+09
 1.1981748e+06   9.8668870e+09
 1.1981748e+06   9.8669040e+09
 1.2079828e+06   1.0060888e+10
 1.2079828e+06   1.0060870e+10
 1.2079828e+06   1.0060786e+10
 1.2079828e+06   1.0060766e+10
 1.1981748e+06   9.8667865e+09
 1.1981748e+06   9.8668888e+09
 1.2079828e+06   1.0060881e+10
 1.2079828e+06   1.0060780e+10
 1.1981748e+06   9.8669553e+09
 1.1981748e+06   9.8669824e+09
 1.1981748e+06   9.8669957e+09
 1.1981748e+06   9.8670185e+09
 1.2079828e+06   1.0060713e+10
 1.2079828e+06   1.0060685e+10
 1.2079828e+06   1.0060669e+10
 1.2079828e+06   1.0060644e+10
 1.1981748e+06   9.8669767e+09
 1.1981748e+06   9.8670128e+09
 1.2079828e+06   1.0060690e+10
 1.2079828e+06   1.0060651e+10
 5.0000000e+03   9.1349669e+09
 1.1551362e+06   9.2396783e+09
 5.0000000e+03   9.1349248e+09
 1.1551362e+06   9.2397010e+09
 1.1802152e+06   1.0295923e+10
 1.1802152e+06   1.0295820e+10
 5.0000000e+03   9.1350041e+09
 1.1551362e+06   9.2396581e+09
 5.0000000e+03   9.1349634e+09
 1.1551362e+06   9.2396800e+09
 1.1802152e+06   1.0296007e+10
 1.1802152e+06   1.0295911e+10
 5.0000000e+03   9.1348882e+09
 1.1551362e+06   9.2397208e+09
 5.0000000e+03   9.1348686e+09
 1.1551362e+06   9.2397314e+09
 1.1802152e+06   1.0295734e+10
 1.1802152e+06   1.0295682e+10
 5.0000000e+03   9.1349240e+09
 1.1551362e+06   9.2397014e+09
 5.0000000e+03   9.1348989e+09
 1.1551362e+06   9.2397150e+09
 1.1802152e+06   1.0295817e+10
 1.1802152e+06   1.0295758e+10
 1.1981748e+06   9.8667640e+09
 1.1981748e+06   9.8668540e+09
 1.2079828e+06   1.0060905e+10
 1.2079828e+06   1.0060812e+10
 1.1981748e+06   9.8666979e+09
 1.1981748e+06   9.8667821e+09
 1.2079828e+06   1.0060986e+10
 1.2079828e+06   1.0060895e+10
 1.1981748e+06   9.8669363e+09
 1.1981748e+06   9.8669754e+09
 1.2079828e+06   1.0060728e+10
 1.2079828e+06   1.0060687e+10
 1.1981748e+06   9.8668611e+09
 1.1981748e+06   9.8669110e+09
 1.2079828e+06   1.0060807e+10
 1.2079828e+06   1.0060753e+10
 1.2214159e+06   9.8430029e+09
 1.2214159e+06   9.8429685e+09
 1.2214159e+06   9.8430573e+09
 1.2214159e+06   9.8430393e+09
 1.2354756e+06   1.0073970e+10
 1.2354756e+06   1.0074028e+10
 1.2354756e+06   1.0073812e+10
 1.2354756e+06   1.0073854e+10
 1.2214159e+06   9.8429243e+09
 1.2214159e+06   9.8430089e+09
 1.2354756e+06   1.0074095e+10
 1.2354756e+06   1.0073914e+10
 1.2214159e+06   9.8431094e+09
 1.2214159e+06   9.8430932e+09
 1.2214159e+06   9.8431577e+09
 1.2214159e+06   9.8431591e+09
 1.2354756e+06   1.0073661e+10
 1.2354756e+06   1.0073707e+10
 1.2354756e+06   1.0073526e+10
 1.2354756e+06   1.0073529e+10
 1.2214159e+06   9.8430649e+09
 1.2214159e+06   9.8431510e+09
 1.2354756e+06   1.0073775e+10
 1.2354756e+06   1.0073557e+10
 1.2450312e+06   9.9512675e+09
 1.2450312e+06   9.9511348e+09
 1.2450312e+06   9.9516806e+09
 1.2450312e+06   9.9515864e+09
 1.2511000e+06   9.9658940e+09
 1.2511000e+06   9.9655993e+09
 1.2511000e+06   9.9669189e+09
 1.2511000e+06   9.9666906e+09
 1.2450312e+06   9.9509847e+09
 1.2450312e+06   9.9514505e+09
 1.2511000e+06   9.9652739e+09
 1.2511000e+06   9.9663743e+09
 1.2450312e+06   9.9520657e+09
 1.2450312e+06   9.9519729e+09
 1.2450312e+06   9.9524088e+09
 1.2450312e+06   9.9523946e+09
 1.2511000e+06   9.9679275e+09
 1.2511000e+06   9.9677013e+09
 1.2511000e+06   9.9688089e+09
 1.2511000e+06   9.9687657e+09
 1.2450312e+06   9.9518271e+09
 1.2450312e+06   9.9523232e+09
 1.2511000e+06   9.9673442e+09
 1.2511000e+06   9.9685799e+09
 1.2214159e+06   9.8428950e+09
 1.2214159e+06   9.8429805e+09
 1.2354756e+06   1.0074158e+10
 1.2354756e+06   1.0073970e+10
 1.2214159e+06   9.8428560e+09
 1.2214159e+06   9.8429255e+09
 1.2354756e+06   1.0074243e+10
 1.2354756e+06   1.0074077e+10
 1.2214159e+06   9.8430291e+09
 1.2214159e+06   9.8431492e+09
 1.2354756e+06   1.0073835e+10
 1.2354756e+06   1.0073582e+10
 1.2214159e+06   9.8429540e+09
 1.2214159e+06   9.8430874e+09
 1.2354756e+06   1.0073965e+10
 1.2354756e+06   1.0073699e+10
 1.2450312e+06   9.9508405e+09
 1.2450312e+06   9.9513142e+09
 1.2511000e+06   9.9649453e+09
 1.2511000e+06   9.9660612e+09
 1.2450312e+06   9.9506617e+09
 1.2450312e+06   9.9510852e+09
 1.2511000e+06   9.9645498e+09
 1.2511000e+06   9.9655606e+09
 1.2450312e+06   9.9516833e+09
 1.2450312e+06   9.9522392e+09
 1.2511000e+06   9.9669893e+09
 1.2511000e+06   9.9683429e+09
 1.2450312e+06   9.9514100e+09
 1.2450312e+06   9.9519892e+09
 1.2511000e+06   9.9663691e+09
 1.2511000e+06   9.9677498e+09
 1.2214159e+06   9.8431954e+09
 1.2214159e+06   9.8432174e+09
 1.2214159e+06   9.8432534e+09
 1.2214159e+06   9.8432786e+09
 1.2354756e+06   1.0073405e+10
 1.2354756e+06   1.0073368e+10
 1.2354756e+06   1.0073294e+10
 1.2354756e+06   1.0073261e+10
 1.2214159e+06   9.8432223e+09
 1.2214159e+06   9.8432807e+09
 1.2354756e+06   1.0073362e+10
 1.2354756e+06   1.0073266e+10
 1.2214159e+06   9.8432953e+09
 1.2214159e+06   9.8433271e+09
 1.2214159e+06   9.8433178e+09
 1.2214159e+06   9.8433464e+09
 1.2354756e+06   1.0073214e+10
 1.2354756e+06   1.0073174e+10
 1.2354756e+06   1.0073168e+10
 1.2354756e+06   1.0073130e+10
 1.2214159e+06   9.8433366e+09
 1.2214159e+06   9.8433551e+09
 1.2354756e+06   1.0073172e+10
 1.2354756e+06   1.0073130e+10
 1.2450312e+06   9.9527231e+09
 1.2450312e+06   9.9527851e+09
 1.2450312e+06   9.9529818e+09
 1.2450312e+06   9.9530382e+09
 1.2511000e+06   9.9696297e+09
 1.2511000e+06   9.9697584e+09
 1.2511000e+06   9.9702794e+09
 1.2511000e+06   9.9703953e+09
 1.2450312e+06   9.9527736e+09
 1.2450312e+06   9.9530119e+09
 1.2511000e+06   9.9697060e+09
 1.2511000e+06   9.9703098e+09
 1.2450312e+06   9.9531682e+09
 1.2450312e+06   9.9532406e+09
 1.2450312e+06   9.9532743e+09
 1.2450312e+06   9.9533397e+09
 1.2511000e+06   9.9707497e+09
 1.2511000e+06   9.9709043e+09
 1.2511000e+06   9.9710273e+09
 1.2511000e+06   9.9711678e+09
 1.2450312e+06   9.9532281e+09
 1.2450312e+06   9.9533271e+09
 1.2511000e+06   9.9708466e+09
 1.2511000e+06   9.9711116e+09
 1.2214159e+06   9.8432394e+09
 1.2214159e+06   9.8432712e+09
 1.2354756e+06   1.0073367e+10
 1.2354756e+06   1.0073286e+10
 1.2214159e+06   9.8432151e+09
 1.2214159e+06   9.8432267e+09
 1.2354756e+06   1.0073453e+10
 1.2354756e+06   1.0073383e+10
 1.2214159e+06   9.8433255e+09
 1.2214159e+06   9.8433412e+09
 1.2354756e+06   1.0073197e+10
 1.2354756e+06   1.0073158e+10
 1.2214159e+06   9.8432776e+09
 1.2214159e+06   9.8433117e+09
 1.2354756e+06   1.0073283e+10
 1.2354756e+06   1.0073221e+10
 1.2450312e+06   9.9527251e+09
 1.2450312e+06   9.9529430e+09
 1.2511000e+06   9.9695324e+09
 1.2511000e+06   9.9701150e+09
 1.2450312e+06   9.9525140e+09
 1.2450312e+06   9.9527239e+09
 1.2511000e+06   9.9689901e+09
 1.2511000e+06   9.9695658e+09
 1.2450312e+06   9.9531507e+09
 1.2450312e+06   9.9532471e+09
 1.2511000e+06   9.9706298e+09
 1.2511000e+06   9.9708893e+09
 1.2450312e+06   9.9529506e+09
 1.2450312e+06   9.9530910e+09
 1.2511000e+06   9.9701284e+09
 1.2511000e+06   9.9704789e+09
 5.0000000e+03   9.1353386e+09
 1.1551362e+06   9.2394758e+09
 5.0000000e+03   9.1352726e+09
 1.1551362e+06   9.2395116e+09
 1.1802152e+06   1.0296800e+10
 1.1802152e+06   1.0296642e+10
 5.0000000e+03   9.1353622e+09
 1.1551362e+06   9.2394630e+09
 5.0000000e+03   9.1352963e+09
 1.1551362e+06   9.2394988e+09
 1.1802152e+06   1.0296864e+10
 1.1802152e+06   1.0296702e+10
 5.0000000e+03   9.1352141e+09
 1.1551362e+06   9.2395432e+09
 5.0000000e+03   9.1351303e+09
 1.1551362e+06   9.2395889e+09
 1.1802152e+06   1.0296500e+10
 1.1802152e+06   1.0296307e+10
 5.0000000e+03   9.1352370e+09
 1.1551362e+06   9.2395310e+09
 5.0000000e+03   9.1351571e+09
 1.1551362e+06   9.2395744e+09
 1.1802152e+06   1.0296554e+10
 1.1802152e+06   1.0296370e+10
 1.1981748e+06   9.8659885e+09
 1.1981748e+06   9.8661446e+09
 1.2079828e+06   1.0061798e+10
 1.2079828e+06   1.0061632e+10
 1.1981748e+06   9.8659217e+09
 1.1981748e+06   9.8660837e+09
 1.2079828e+06   1.0061861e+10
 1.2079828e+06   1.0061692e+10
 1.1981748e+06   9.8662754e+09
 1.1981748e+06   9.8664348e+09
 1.2079828e+06   1.0061491e+10
 1.2079828e+06   1.0061296e+10
 1.1981748e+06   9.8662324e+09
 1.1981748e+06   9.8663811e+09
 1.2079828e+06   1.0061539e+10
 1.2079828e+06   1.0061356e+10
 5.0000000e+03   9.1354373e+09
 1.1551362e+06   9.2394224e+09
 5.0000000e+03   9.1353670e+09
 1.1551362e+06   9.2394605e+09
 1.1802152e+06   1.0297041e+10
 1.1802152e+06   1.0296875e+10
 5.0000000e+03   9.1353069e+09
 1.1551362e+06   9.2394933e+09
 5.0000000e+03   9.1352650e+09
 1.1551362e+06   9.2395159e+09
 1.1802152e+06   1.0296732e+10
 1.1802152e+06   1.0296629e+10
 5.0000000e+03   9.1353020e+09
 1.1551362e+06   9.2394957e+09
 5.0000000e+03   9.1352244e+09
 1.1551362e+06   9.2395379e+09
 1.1802152e+06   1.0296712e+10
 1.1802152e+06   1.0296529e+10
 5.0000000e+03   9.1352132e+09
 1.1551362e+06   9.2395440e+09
 5.0000000e+03   9.1351665e+09
 1.1551362e+06   9.2395693e+09
 1.1802152e+06   1.0296509e+10
 1.1802152e+06   1.0296392e+10
 1.1981748e+06   9.8657579e+09
 1.1981748e+06   9.8659205e+09
 1.2079828e+06   1.0062042e+10
 1.2079828e+06   1.0061867e+10
 1.1981748e+06   9.8660584e+09
 1.1981748e+06   9.8661414e+09
 1.2079828e+06   1.0061711e+10
 1.2079828e+06   1.0061616e+10
 1.1981748e+06   9.8660790e+09
 1.1981748e+06   9.8662412e+09
 1.2079828e+06   1.0061702e+10
 1.2079828e+06   1.0061515e+10
 1.1981748e+06   9.8662580e+09
 1.1981748e+06   9.8663596e+09
 1.2079828e+06   1.0061491e+10
 1.2079828e+06   1.0061380e+10
 5.0000000e+03   9.1350515e+09
 1.1551362e+06   9.2396321e+09
 5.0000000e+03   9.1350054e+09
 1.1551362e+06   9.2396571e+09
 1.1802152e+06   1.0296121e+10
 1.1802152e+06   1.0296006e+10
 5.0000000e+03   9.1350861e+09
 1.1551362e+06   9.2396132e+09
 5.0000000e+03   9.1350416e+09
 1.1551362e+06   9.2396374e+09
 1.1802152e+06   1.0296207e+10
 1.1802152e+06   1.0296097e+10
 5.0000000e+03   9.1349594e+09
 1.1551362e+06   9.2396821e+09
 5.0000000e+03   9.1349280e+09
 1.1551362e+06   9.2396992e+09
 1.1802152e+06   1.0295900e+10
 1.1802152e+06   1.0295823e+10
 5.0000000e+03   9.1349981e+09
 1.1551362e+06   9.2396611e+09
 5.0000000e+03   9.1349688e+09
 1.1551362e+06   9.2396770e+09
 1.1802152e+06   1.0295990e+10
 1.1802152e+06   1.0295922e+10
 1.1981748e+06   9.8665980e+09
 1.1981748e+06   9.8667061e+09
 1.2079828e+06   1.0061103e+10
 1.2079828e+06   1.0060990e+10
 1.1981748e+06   9.8665110e+09
 1.1981748e+06   9.8666188e+09
 1.2079828e+06   1.0061194e+10
 1.2079828e+06   1.0061082e+10
 1.1981748e+06   9.8667999e+09
 1.1981748e+06   9.8668547e+09
 1.2079828e+06   1.0060883e+10
 1.2079828e+06   1.0060817e+10
 1.1981748e+06   9.8667195e+09
 1.1981748e+06   9.8667759e+09
 1.2079828e+06   1.0060974e+10
 1.2079828e+06   1.0060908e+10
 5.0000000e+03   9.1351581e+09
 1.1551362e+06   9.2395740e+09
 5.0000000e+03   9.1351055e+09
 1.1551362e+06   9.2396026e+09
 1.1802152e+06   1.0296377e+10
 1.1802152e+06   1.0296251e+10
 5.0000000e+03   9.1351337e+09
 1.1551362e+06   9.2395872e+09
 5.0000000e+03   9.1351043e+09
 1.1551362e+06   9.2396031e+09
 1.1802152e+06   1.0296321e+10
 1.1802152e+06   1.0296248e+10
 5.0000000e+03   9.1350557e+09
 1.1551362e+06   9.2396297e+09
 5.0000000e+03   9.1350155e+09
 1.1551362e+06   9.2396515e+09
 1.1802152e+06   1.0296130e+10
 1.1802152e+06   1.0296030e+10
 5.0000000e+03   9.1350849e+09
 1.1551362e+06   9.2396137e+09
 5.0000000e+03   9.1350705e+09
 1.1551362e+06   9.2396216e+09
 1.1802152e+06   1.0296206e+10
 1.1802152e+06   1.0296165e+10
 1.1981748e+06   9.8663630e+09
 1.1981748e+06   9.8664744e+09
 1.2079828e+06   1.0061363e+10
 1.2079828e+06   1.0061239e+10
 1.1981748e+06   9.8664250e+09
 1.1981748e+06   9.8664794e+09
 1.2079828e+06   1.0061303e+10
 1.2079828e+06   1.0061237e+10
 1.1981748e+06   9.8665896e+09
 1.1981748e+06   9.8666751e+09
 1.2079828e+06   1.0061116e+10
 1.2079828e+06   1.0061020e+10
 1.1981748e+06   9.8665256e+09
 1.1981748e+06   9.8665588e+09
 1.2079828e+06   1.0061188e+10
 1.2079828e+06   1.0061151e+10
 1.2214159e+06   9.8428134e+09
 1.2214159e+06   9.8428786e+09
 1.2354756e+06   1.0074345e+10
 1.2354756e+06   1.0074192e+10
 1.2214159e+06   9.8427950e+09
 1.2214159e+06   9.8428659e+09
 1.2354756e+06   1.0074387e+10
 1.2354756e+06   1.0074233e+10
 1.2214159e+06   9.8429171e+09
 1.2214159e+06   9.8430160e+09
 1.2354756e+06   1.0074075e+10
 1.2354756e+06   1.0073839e+10
 1.2214159e+06   9.8429201e+09
 1.2214159e+06   9.8430050e+09
 1.2354756e+06   1.0074107e+10
 1.2354756e+06   1.0073892e+10
 1.2450312e+06   9.9503847e+09
 1.2450312e+06   9.9508045e+09
 1.2511000e+06   9.9638907e+09
 1.2511000e+06   9.9648952e+09
 1.2450312e+06   9.9502460e+09
 1.2450312e+06   9.9506679e+09
 1.2511000e+06   9.9635462e+09
 1.2511000e+06   9.9645496e+09
 1.2450312e+06   9.9511446e+09
 1.2450312e+06   9.9516866e+09
 1.2511000e+06   9.9657396e+09
 1.2511000e+06   9.9670256e+09
 1.2450312e+06   9.9510304e+09
 1.2450312e+06   9.9515361e+09
 1.2511000e+06   9.9654298e+09
 1.2511000e+06   9.9666284e+09
 1.2214159e+06   9.8427375e+09
 1.2214159e+06   9.8428022e+09
 1.2354756e+06   1.0074553e+10
 1.2354756e+06   1.0074393e+10
 1.2214159e+06   9.8428867e+09
 1.2214159e+06   9.8429094e+09
 1.2354756e+06   1.0074222e+10
 1.2354756e+06   1.0074134e+10
 1.2214159e+06   9.8428631e+09
 1.2214159e+06   9.8429451e+09
 1.2354756e+06   1.0074249e+10
 1.2354756e+06   1.0074052e+10
 1.2214159e+06   9.8429504e+09
 1.2214159e+06   9.8429870e+09
 1.2354756e+06   1.0074022e+10
 1.2354756e+06   1.0073920e+10
 1.2450312e+06   9.9497752e+09
 1.2450312e+06   9.9502283e+09
 1.2511000e+06   9.9623908e+09
 1.2511000e+06   9.9634892e+09
 1.2450312e+06   9.9506377e+09
 1.2450312e+06   9.9508832e+09
 1.2511000e+06   9.9644389e+09
 1.2511000e+06   9.9650425e+09
 1.2450312e+06   9.9506359e+09
 1.2450312e+06   9.9511269e+09
 1.2511000e+06   9.9644644e+09
 1.2511000e+06   9.9656202e+09
 1.2450312e+06   9.9511981e+09
 1.2450312e+06   9.9514711e+09
 1.2511000e+06   9.9658284e+09
 1.2511000e+06   9.9665152e+09
 1.2214159e+06   9.8431357e+09
 1.2214159e+06   9.8431768e+09
 1.2354756e+06   1.0073602e+10
 1.2354756e+06   1.0073503e+10
 1.2214159e+06   9.8430876e+09
 1.2214159e+06   9.8431314e+09
 1.2354756e+06   1.0073692e+10
 1.2354756e+06   1.0073593e+10
 1.2214159e+06   9.8432193e+09
 1.2214159e+06   9.8432587e+09
 1.2354756e+06   1.0073391e+10
 1.2354756e+06   1.0073307e+10
 1.2214159e+06   9.8431824e+09
 1.2214159e+06   9.8432042e+09
 1.2354756e+06   1.0073486e+10
 1.2354756e+06   1.0073418e+10
 1.2450312e+06   9.9522019e+09
 1.2450312e+06   9.9524633e+09
 1.2511000e+06   9.9682620e+09
 1.2511000e+06   9.9689333e+09
 1.2450312e+06   9.9519856e+09
 1.2450312e+06   9.9522441e+09
 1.2511000e+06   9.9677272e+09
 1.2511000e+06   9.9683927e+09
 1.2450312e+06   9.9527333e+09
 1.2450312e+06   9.9529123e+09
 1.2511000e+06   9.9696133e+09
 1.2511000e+06   9.9700565e+09
 1.2450312e+06   9.9525045e+09
 1.2450312e+06   9.9526721e+09
 1.2511000e+06   9.9690393e+09
 1.2511000e+06   9.9694686e+09
 1.2214159e+06   9.8430137e+09
 1.2214159e+06   9.8430591e+09
 1.2354756e+06   1.0073874e+10
 1.2354756e+06   1.0073752e+10
 1.2214159e+06   9.8430227e+09
 1.2214159e+06   9.8430503e+09
 1.2354756e+06   1.0073837e+10
 1.2354756e+06   1.0073761e+10
 1.2214159e+06   9.8431151e+09
 1.2214159e+06   9.8431562e+09
 1.2354756e+06   1.0073630e+10
 1.2354756e+06   1.0073532e+10
 1.2214159e+06   9.8430770e+09
 1.2214159e+06   9.8430982e+09
 1.2354756e+06   1.0073710e+10
 1.2354756e+06   1.0073669e+10
 1.2450312e+06   9.9515444e+09
 1.2450312e+06   9.9518560e+09
 1.2511000e+06   9.9666098e+09
 1.2511000e+06   9.9674221e+09
 1.2450312e+06   9.9516765e+09
 1.2450312e+06   9.9518519e+09
 1.2511000e+06   9.9669991e+09
 1.2511000e+06   9.9674276e+09
 1.2450312e+06   9.9521574e+09
 1.2450312e+06   9.9523932e+09
 1.2511000e+06   9.9681759e+09
 1.2511000e+06   9.9687712e+09
 1.2450312e+06   9.9519768e+09
 1.2450312e+06   9.9520667e+09
 1.2511000e+06   9.9677351e+09
 1.2511000e+06   9.9679513e+09
 5.0000000e+03   9.1350043e+09
 5.0000000e+03   9.1349933e+09
 1.1551362e+06   9.2396575e+09
 1.1551362e+06   9.2396634e+09
 5.0000000e+03   9.1349918e+09
 1.1551362e+06   9.2396642e+09
 1.1802152e+06   1.0296008e+10
 1.1802152e+06   1.0295983e+10
 1.1802152e+06   1.0295981e+10
 5.0000000e+03   9.1349465e+09
 5.0000000e+03   9.1349386e+09
 1.1551362e+06   9.2396889e+09
 1.1551362e+06   9.2396932e+09
 5.0000000e+03   9.1349429e+09
 1.1551362e+06   9.2396908e+09
 1.1802152e+06   1.0295871e+10
 1.1802152e+06   1.0295851e+10
 1.1802152e+06   1.0295862e+10
 5.0000000e+03   9.1349987e+09
 1.1551362e+06   9.2396604e+09
 5.0000000e+03   9.1350213e+09
 1.1551362e+06   9.2396481e+09
 1.1802152e+06   1.0295997e+10
 1.1802152e+06   1.0296047e+10
 5.0000000e+03   9.1349539e+09
 1.1551362e+06   9.2396848e+09
 5.0000000e+03   9.1349883e+09
 1.1551362e+06   9.2396660e+09
 1.1802152e+06   1.0295889e+10
 1.1802152e+06   1.0295969e+10
 1.1981748e+06   9.8666948e+09
 1.1981748e+06   9.8667099e+09
 1.1981748e+06   9.8667047e+09
 1.2079828e+06   1.0060998e+10
 1.2079828e+06   1.0060978e+10
 1.2079828e+06   1.0060981e+10
 1.1981748e+06   9.8668136e+09
 1.1981748e+06   9.8668305e+09
 1.1981748e+06   9.8668201e+09
 1.2079828e+06   1.0060865e+10
 1.2079828e+06   1.0060847e+10
 1.2079828e+06   1.0060859e+10
 1.1981748e+06   9.8666956e+09
 1.1981748e+06   9.8666602e+09
 1.2079828e+06   1.0060994e+10
 1.2079828e+06   1.0061042e+10
 1.1981748e+06   9.8667933e+09
 1.1981748e+06   9.8667290e+09
 1.2079828e+06   1.0060887e+10
 1.2079828e+06   1.0060966e+10
 5.0000000e+03   9.1348993e+09
 5.0000000e+03   9.1348886e+09
 1.1551362e+06   9.2397146e+09
 1.1551362e+06   9.2397203e+09
 5.0000000e+03   9.1348921e+09
 1.1551362e+06   9.2397184e+09
 1.1802152e+06   1.0295759e+10
 1.1802152e+06   1.0295732e+10
 1.1802152e+06   1.0295736e+10
 5.0000000e+03   9.1348646e+09
 5.0000000e+03   9.1348487e+09
 1.1551362e+06   9.2397334e+09
 1.1551362e+06   9.2397421e+09
 5.0000000e+03   9.1348482e+09
 1.1551362e+06   9.2397424e+09
 1.1802152e+06   1.0295677e+10
 1.1802152e+06   1.0295637e+10
 1.1802152e+06   1.0295636e+10
 5.0000000e+03   9.1349026e+09
 1.1551362e+06   9.2397127e+09
 5.0000000e+03   9.1349406e+09
 1.1551362e+06   9.2396918e+09
 1.1802152e+06   1.0295766e+10
 1.1802152e+06   1.0295855e+10
 5.0000000e+03   9.1348556e+09
 1.1551362e+06   9.2397384e+09
 5.0000000e+03   9.1348941e+09
 1.1551362e+06   9.2397173e+09
 1.1802152e+06   1.0295653e+10
 1.1802152e+06   1.0295746e+10
 1.1981748e+06   9.8669095e+09
 1.1981748e+06   9.8669397e+09
 1.1981748e+06   9.8669394e+09
 1.2079828e+06   1.0060760e+10
 1.2079828e+06   1.0060733e+10
 1.2079828e+06   1.0060738e+10
 1.1981748e+06   9.8669798e+09
 1.1981748e+06   9.8670144e+09
 1.1981748e+06   9.8670181e+09
 1.2079828e+06   1.0060683e+10
 1.2079828e+06   1.0060646e+10
 1.2079828e+06   1.0060644e+10
 1.1981748e+06   9.8669084e+09
 1.1981748e+06   9.8668249e+09
 1.2079828e+06   1.0060767e+10
 1.2079828e+06   1.0060860e+10
 1.1981748e+06   9.8670006e+09
 1.1981748e+06   9.8669191e+09
 1.2079828e+06   1.0060660e+10
 1.2079828e+06   1.0060752e+10
 5.0000000e+03   9.1350597e+09
 1.1551362e+06   9.2396273e+09
 5.0000000e+03   9.1351111e+09
 1.1551362e+06   9.2395994e+09
 1.1802152e+06   1.0296138e+10
 1.1802152e+06   1.0296265e+10
 5.0000000e+03   9.1350323e+09
 1.1551362e+06   9.2396421e+09
 5.0000000e+03   9.1350831e+09
 1.1551362e+06   9.2396146e+09
 1.1802152e+06   1.0296070e+10
 1.1802152e+06   1.0296195e+10
 5.0000000e+03   9.1351308e+09
 1.1551362e+06   9.2395887e+09
 1.1802152e+06   1.0296310e+10
 5.0000000e+03   9.1351111e+09
 1.1551362e+06   9.2395994e+09
 1.1802152e+06   1.0296265e+10
 1.1981748e+06   9.8665818e+09
 1.1981748e+06   9.8664619e+09
 1.2079828e+06   1.0061131e+10
 1.2079828e+06   1.0061256e+10
 1.1981748e+06   9.8666495e+09
 1.1981748e+06   9.8665305e+09
 1.2079828e+06   1.0061063e+10
 1.2079828e+06   1.0061187e+10
 1.1981748e+06   9.8664257e+09
 1.2079828e+06   1.0061296e+10
 1.1981748e+06   9.8664619e+09
 1.2079828e+06   1.0061256e+10
 5.0000000e+03   9.1349840e+09
 1.1551362e+06   9.2396682e+09
 5.0000000e+03   9.1350323e+09
 1.1551362e+06   9.2396421e+09
 1.1802152e+06   1.0295956e+10
 1.1802152e+06   1.0296070e+10
 5.0000000e+03   9.1349406e+09
 1.1551362e+06   9.2396918e+09
 5.0000000e+03   9.1349883e+09
 1.1551362e+06   9.2396660e+09
 1.1802152e+06   1.0295855e+10
 1.1802152e+06   1.0295969e+10
 5.0000000e+03   9.1350597e+09
 1.1551362e+06   9.2396273e+09
 1.1802152e+06   1.0296138e+10
 5.0000000e+03   9.1350213e+09
 1.1551362e+06   9.2396481e+09
 1.1802152e+06   1.0296047e+10
 1.1981748e+06   9.8667483e+09
 1.1981748e+06   9.8666495e+09
 1.2079828e+06   1.0060955e+10
 1.2079828e+06   1.0061063e+10
 1.1981748e+06   9.8668249e+09
 1.1981748e+06   9.8667290e+09
 1.2079828e+06   1.0060860e+10
 1.2079828e+06   1.0060966e+10
 1.1981748e+06   9.8665818e+09
 1.2079828e+06   1.0061131e+10
 1.1981748e+06   9.8666602e+09
 1.2079828e+06   1.0061042e+10
 1.2214159e+06   9.8431539e+09
 1.2214159e+06   9.8431496e+09
 1.2214159e+06   9.8431373e+09
 1.2354756e+06   1.0073516e+10
 1.2354756e+06   1.0073500e+10
 1.2354756e+06   1.0073506e+10
 1.2214159e+06   9.8432062e+09
 1.2214159e+06   9.8432109e+09
 1.2214159e+06   9.8431987e+09
 1.2354756e+06   1.0073381e+10
 1.2354756e+06   1.0073367e+10
 1.2354756e+06   1.0073385e+10
 1.2214159e+06   9.8431325e+09
 1.2214159e+06   9.8431079e+09
 1.2354756e+06   1.0073524e+10
 1.2354756e+06   1.0073590e+10
 1.2214159e+06   9.8431796e+09
 1.2214159e+06   9.8431331e+09
 1.2354756e+06   1.0073415e+10
 1.2354756e+06   1.0073516e+10
 1.2450312e+06   9.9524504e+09
 1.2450312e+06   9.9525018e+09
 1.2450312e+06   9.9524988e+09
 1.2511000e+06   9.9689366e+09
 1.2511000e+06   9.9690869e+09
 1.2511000e+06   9.9690995e+09
 1.2450312e+06   9.9527815e+09
 1.2450312e+06   9.9528206e+09
 1.2450312e+06   9.9527875e+09
 1.2511000e+06   9.9697783e+09
 1.2511000e+06   9.9698852e+09
 1.2511000e+06   9.9698150e+09
 1.2450312e+06   9.9524587e+09
 1.2450312e+06   9.9523196e+09
 1.2511000e+06   9.9689961e+09
 1.2511000e+06   9.9686497e+09
 1.2450312e+06   9.9527203e+09
 1.2450312e+06   9.9525050e+09
 1.2511000e+06   9.9696542e+09
 1.2511000e+06   9.9691421e+09
 1.2214159e+06   9.8432788e+09
 1.2214159e+06   9.8432927e+09
 1.2214159e+06   9.8432822e+09
 1.2354756e+06   1.0073255e+10
 1.2354756e+06   1.0073235e+10
 1.2354756e+06   1.0073254e+10
 1.2214159e+06   9.8433318e+09
 1.2214159e+06   9.8433571e+09
 1.2214159e+06   9.8433577e+09
 1.2354756e+06   1.0073162e+10
 1.2354756e+06   1.0073120e+10
 1.2354756e+06   1.0073120e+10
 1.2214159e+06   9.8432576e+09
 1.2214159e+06   9.8431634e+09
 1.2354756e+06   1.0073284e+10
 1.2354756e+06   1.0073418e+10
 1.2214159e+06   9.8433559e+09
 1.2214159e+06   9.8432665e+09
 1.2354756e+06   1.0073129e+10
 1.2354756e+06   1.0073262e+10
 1.2450312e+06   9.9530570e+09
 1.2450312e+06   9.9531134e+09
 1.2450312e+06   9.9530851e+09
 1.2511000e+06   9.9704493e+09
 1.2511000e+06   9.9705946e+09
 1.2511000e+06   9.9705377e+09
 1.2450312e+06   9.9532564e+09
 1.2450312e+06   9.9533458e+09
 1.2450312e+06   9.9533481e+09
 1.2511000e+06   9.9709378e+09
 1.2511000e+06   9.9711592e+09
 1.2511000e+06   9.9711670e+09
 1.2450312e+06   9.9530207e+09
 1.2450312e+06   9.9527640e+09
 1.2511000e+06   9.9703882e+09
 1.2511000e+06   9.9698197e+09
 1.2450312e+06   9.9533165e+09
 1.2450312e+06   9.9530660e+09
 1.2511000e+06   9.9710697e+09
 1.2511000e+06   9.9705061e+09
 1.2214159e+06   9.8430770e+09
 1.2214159e+06   9.8430373e+09
 1.2354756e+06   1.0073677e+10
 1.2354756e+06   1.0073783e+10
 1.2214159e+06   9.8430957e+09
 1.2214159e+06   9.8430552e+09
 1.2354756e+06   1.0073626e+10
 1.2354756e+06   1.0073730e+10
 1.2214159e+06   9.8430413e+09
 1.2354756e+06   1.0073814e+10
 1.2214159e+06   9.8430373e+09
 1.2354756e+06   1.0073783e+10
 1.2450312e+06   9.9521005e+09
 1.2450312e+06   9.9518074e+09
 1.2511000e+06   9.9680748e+09
 1.2511000e+06   9.9673035e+09
 1.2450312e+06   9.9522477e+09
 1.2450312e+06   9.9519597e+09
 1.2511000e+06   9.9684914e+09
 1.2511000e+06   9.9677498e+09
 1.2450312e+06   9.9517120e+09
 1.2511000e+06   9.9669948e+09
 1.2450312e+06   9.9518074e+09
 1.2511000e+06   9.9673035e+09
 1.2214159e+06   9.8431134e+09
 1.2214159e+06   9.8430957e+09
 1.2354756e+06   1.0073537e+10
 1.2354756e+06   1.0073626e+10
 1.2214159e+06   9.8431634e+09
 1.2214159e+06   9.8431331e+09
 1.2354756e+06   1.0073418e+10
 1.2354756e+06   1.0073516e+10
 1.2214159e+06   9.8430770e+09
 1.2354756e+06   1.0073677e+10
 1.2214159e+06   9.8431079e+09
 1.2354756e+06   1.0073590e+10
 1.2450312e+06   9.9525059e+09
 1.2450312e+06   9.9522477e+09
 1.2511000e+06   9.9691849e+09
 1.2511000e+06   9.9684914e+09
 1.2450312e+06   9.9527640e+09
 1.2450312e+06   9.9525050e+09
 1.2511000e+06   9.9698197e+09
 1.2511000e+06   9.9691421e+09
 1.2450312e+06   9.9521005e+09
 1.2511000e+06   9.9680748e+09
 1.2450312e+06   9.9523196e+09
 1.2511000e+06   9.9686497e+09
 5.0000000e+03   9.1348403e+09
 5.0000000e+03   9.1348182e+09
 1.1551362e+06   9.2397465e+09
 1.1551362e+06   9.2397586e+09
 5.0000000e+03   9.1348122e+09
 1.1551362e+06   9.2397619e+09
 1.1802152e+06   1.0295620e+10
 1.1802152e+06   1.0295567e+10
 1.1802152e+06   1.0295551e+10
 5.0000000e+03   9.1348305e+09
 5.0000000e+03   9.1348097e+09
 1.1551362e+06   9.2397519e+09
 1.1551362e+06   9.2397632e+09
 5.0000000e+03   9.1348056e+09
 1.1551362e+06   9.2397654e+09
 1.1802152e+06   1.0295595e+10
 1.1802152e+06   1.0295544e+10
 1.1802152e+06   1.0295536e+10
 5.0000000e+03   9.1348185e+09
 1.1551362e+06   9.2397586e+09
 5.0000000e+03   9.1348556e+09
 1.1551362e+06   9.2397384e+09
 1.1802152e+06   1.0295569e+10
 1.1802152e+06   1.0295653e+10
 5.0000000e+03   9.1348122e+09
 1.1551362e+06   9.2397619e+09
 5.0000000e+03   9.1348482e+09
 1.1551362e+06   9.2397424e+09
 1.1802152e+06   1.0295551e+10
 1.1802152e+06   1.0295636e+10
 1.1981748e+06   9.8670295e+09
 1.1981748e+06   9.8670738e+09
 1.1981748e+06   9.8670847e+09
 1.2079828e+06   1.0060630e+10
 1.2079828e+06   1.0060580e+10
 1.2079828e+06   1.0060567e+10
 1.1981748e+06   9.8670494e+09
 1.1981748e+06   9.8670917e+09
 1.1981748e+06   9.8671006e+09
 1.2079828e+06   1.0060610e+10
 1.2079828e+06   1.0060563e+10
 1.2079828e+06   1.0060553e+10
 1.1981748e+06   9.8670728e+09
 1.1981748e+06   9.8670006e+09
 1.2079828e+06   1.0060578e+10
 1.2079828e+06   1.0060660e+10
 1.1981748e+06   9.8670847e+09
 1.1981748e+06   9.8670181e+09
 1.2079828e+06   1.0060567e+10
 1.2079828e+06   1.0060644e+10
 5.0000000e+03   9.1348362e+09
 5.0000000e+03   9.1348151e+09
 1.1551362e+06   9.2397487e+09
 1.1551362e+06   9.2397602e+09
 5.0000000e+03   9.1348097e+09
 1.1551362e+06   9.2397632e+09
 1.1802152e+06   1.0295610e+10
 1.1802152e+06   1.0295558e+10
 1.1802152e+06   1.0295544e+10
 5.0000000e+03   9.1348565e+09
 5.0000000e+03   9.1348362e+09
 1.1551362e+06   9.2397376e+09
 1.1551362e+06   9.2397487e+09
 5.0000000e+03   9.1348305e+09
 1.1551362e+06   9.2397519e+09
 1.1802152e+06   1.0295657e+10
 1.1802152e+06   1.0295610e+10
 1.1802152e+06   1.0295595e+10
 5.0000000e+03   9.1348182e+09
 1.1551362e+06   9.2397586e+09
 5.0000000e+03   9.1348487e+09
 1.1551362e+06   9.2397421e+09
 1.1802152e+06   1.0295567e+10
 1.1802152e+06   1.0295637e+10
 5.0000000e+03   9.1348403e+09
 1.1551362e+06   9.2397465e+09
 5.0000000e+03   9.1348646e+09
 1.1551362e+06   9.2397334e+09
 1.1802152e+06   1.0295620e+10
 1.1802152e+06   1.0295677e+10
 1.1981748e+06   9.8670376e+09
 1.1981748e+06   9.8670808e+09
 1.1981748e+06   9.8670917e+09
 1.2079828e+06   1.0060623e+10
 1.2079828e+06   1.0060576e+10
 1.2079828e+06   1.0060563e+10
 1.1981748e+06   9.8669956e+09
 1.1981748e+06   9.8670376e+09
 1.1981748e+06   9.8670494e+09
 1.2079828e+06   1.0060669e+10
 1.2079828e+06   1.0060623e+10
 1.2079828e+06   1.0060610e+10
 1.1981748e+06   9.8670738e+09
 1.1981748e+06   9.8670144e+09
 1.2079828e+06   1.0060580e+10
 1.2079828e+06   1.0060646e+10
 1.1981748e+06   9.8670295e+09
 1.1981748e+06   9.8669798e+09
 1.2079828e+06   1.0060630e+10
 1.2079828e+06   1.0060683e+10
 5.0000000e+03   9.1349026e+09
 1.1551362e+06   9.2397127e+09
 5.0000000e+03   9.1349539e+09
 1.1551362e+06   9.2396848e+09
 1.1802152e+06   1.0295766e+10
 1.1802152e+06   1.0295889e+10
 5.0000000e+03   9.1348921e+09
 1.1551362e+06   9.2397184e+09
 5.0000000e+03   9.1349429e+09
 1.1551362e+06   9.2396908e+09
 1.1802152e+06   1.0295736e+10
 1.1802152e+06   1.0295862e+10
 5.0000000e+03   9.1349987e+09
 1.1551362e+06   9.2396604e+09
 1.1802152e+06   1.0295997e+10
 5.0000000e+03   9.1349918e+09
 1.1551362e+06   9.2396642e+09
 1.1802152e+06   1.0295981e+10
 1.1981748e+06   9.8669084e+09
 1.1981748e+06   9.8667933e+09
 1.2079828e+06   1.0060767e+10
 1.2079828e+06   1.0060887e+10
 1.1981748e+06   9.8669394e+09
 1.1981748e+06   9.8668201e+09
 1.2079828e+06   1.0060738e+10
 1.2079828e+06   1.0060859e+10
 1.1981748e+06   9.8666956e+09
 1.2079828e+06   1.0060994e+10
 1.1981748e+06   9.8667047e+09
 1.2079828e+06   1.0060981e+10
 5.0000000e+03   9.1348886e+09
 1.1551362e+06   9.2397203e+09
 5.0000000e+03   9.1349386e+09
 1.1551362e+06   9.2396932e+09
 1.1802152e+06   1.0295732e+10
 1.1802152e+06   1.0295851e+10
 5.0000000e+03   9.1348993e+09
 1.1551362e+06   9.2397146e+09
 5.0000000e+03   9.1349465e+09
 1.1551362e+06   9.2396889e+09
 1.1802152e+06   1.0295759e+10
 1.1802152e+06   1.0295871e+10
 5.0000000e+03   9.1349933e+09
 1.1551362e+06   9.2396634e+09
 1.1802152e+06   1.0295983e+10
 5.0000000e+03   9.1350043e+09
 1.1551362e+06   9.2396575e+09
 1.1802152e+06   1.0296008e+10
 1.1981748e+06   9.8669397e+09
 1.1981748e+06   9.8668305e+09
 1.2079828e+06   1.0060733e+10
 1.2079828e+06   1.0060847e+10
 1.1981748e+06   9.8669095e+09
 1.1981748e+06   9.8668136e+09
 1.2079828e+06   1.0060760e+10
 1.2079828e+06   1.0060865e+10
 1.1981748e+06   9.8667099e+09
 1.2079828e+06   1.0060978e+10
 1.1981748e+06   9.8666948e+09
 1.2079828e+06   1.0060998e+10
 1.2214159e+06   9.8433597e+09
 1.2214159e+06   9.8433998e+09
 1.2214159e+06   9.8434146e+09
 1.2354756e+06   1.0073107e+10
 1.2354756e+06   1.0073041e+10
 1.2354756e+06   1.0073018e+10
 1.2214159e+06   9.8433675e+09
 1.2214159e+06   9.8434031e+09
 1.2214159e+06   9.8434141e+09
 1.2354756e+06   1.0073089e+10
 1.2354756e+06   1.0073029e+10
 1.2354756e+06   1.0073013e+10
 1.2214159e+06   9.8434218e+09
 1.2214159e+06   9.8433559e+09
 1.2354756e+06   1.0073018e+10
 1.2354756e+06   1.0073129e+10
 1.2214159e+06   9.8434146e+09
 1.2214159e+06   9.8433577e+09
 1.2354756e+06   1.0073018e+10
 1.2354756e+06   1.0073120e+10
 1.2450312e+06   9.9533838e+09
 1.2450312e+06   9.9535146e+09
 1.2450312e+06   9.9535532e+09
 1.2511000e+06   9.9712698e+09
 1.2511000e+06   9.9715821e+09
 1.2511000e+06   9.9716668e+09
 1.2450312e+06   9.9534312e+09
 1.2450312e+06   9.9535507e+09
 1.2450312e+06   9.9535792e+09
 1.2511000e+06   9.9713989e+09
 1.2511000e+06   9.9716876e+09
 1.2511000e+06   9.9717492e+09
 1.2450312e+06   9.9535365e+09
 1.2450312e+06   9.9533165e+09
 1.2511000e+06   9.9715981e+09
 1.2511000e+06   9.9710697e+09
 1.2450312e+06   9.9535532e+09
 1.2450312e+06   9.9533481e+09
 1.2511000e+06   9.9716668e+09
 1.2511000e+06   9.9711670e+09
 1.2214159e+06   9.8433529e+09
 1.2214159e+06   9.8433892e+09
 1.2214159e+06   9.8434031e+09
 1.2354756e+06   1.0073110e+10
 1.2354756e+06   1.0073050e+10
 1.2354756e+06   1.0073029e+10
 1.2214159e+06   9.8433178e+09
 1.2214159e+06   9.8433529e+09
 1.2214159e+06   9.8433675e+09
 1.2354756e+06   1.0073168e+10
 1.2354756e+06   1.0073110e+10
 1.2354756e+06   1.0073089e+10
 1.2214159e+06   9.8433998e+09
 1.2214159e+06   9.8433571e+09
 1.2354756e+06   1.0073041e+10
 1.2354756e+06   1.0073120e+10
 1.2214159e+06   9.8433597e+09
 1.2214159e+06   9.8433318e+09
 1.2354756e+06   1.0073107e+10
 1.2354756e+06   1.0073162e+10
 1.2450312e+06   9.9533933e+09
 1.2450312e+06   9.9535154e+09
 1.2450312e+06   9.9535507e+09
 1.2511000e+06   9.9713150e+09
 1.2511000e+06   9.9716099e+09
 1.2511000e+06   9.9716876e+09
 1.2450312e+06   9.9532743e+09
 1.2450312e+06   9.9533933e+09
 1.2450312e+06   9.9534312e+09
 1.2511000e+06   9.9710270e+09
 1.2511000e+06   9.9713150e+09
 1.2511000e+06   9.9713989e+09
 1.2450312e+06   9.9535146e+09
 1.2450312e+06   9.9533458e+09
 1.2511000e+06   9.9715821e+09
 1.2511000e+06   9.9711592e+09
 1.2450312e+06   9.9533838e+09
 1.2450312e+06   9.9532564e+09
 1.2511000e+06   9.9712698e+09
 1.2511000e+06   9.9709378e+09
 1.2214159e+06   9.8432576e+09
 1.2214159e+06   9.8431796e+09
 1.2354756e+06   1.0073284e+10
 1.2354756e+06   1.0073415e+10
 1.2214159e+06   9.8432822e+09
 1.2214159e+06   9.8431987e+09
 1.2354756e+06   1.0073254e+10
 1.2354756e+06   1.0073385e+10
 1.2214159e+06   9.8431325e+09
 1.2354756e+06   1.0073524e+10
 1.2214159e+06   9.8431373e+09
 1.2354756e+06   1.0073506e+10
 1.2450312e+06   9.9530207e+09
 1.2450312e+06   9.9527203e+09
 1.2511000e+06   9.9703882e+09
 1.2511000e+06   9.9696542e+09
 1.2450312e+06   9.9530851e+09
 1.2450312e+06   9.9527875e+09
 1.2511000e+06   9.9705377e+09
 1.2511000e+06   9.9698150e+09
 1.2450312e+06   9.9524587e+09
 1.2511000e+06   9.9689961e+09
 1.2450312e+06   9.9524988e+09
 1.2511000e+06   9.9690995e+09
 1.2214159e+06   9.8432927e+09
 1.2214159e+06   9.8432109e+09
 1.2354756e+06   1.0073235e+10
 1.2354756e+06   1.0073367e+10
 1.2214159e+06   9.8432788e+09
 1.2214159e+06   9.8432062e+09
 1.2354756e+06   1.0073255e+10
 1.2354756e+06   1.0073381e+10
 1.2214159e+06   9.8431496e+09
 1.2354756e+06   1.0073500e+10
 1.2214159e+06   9.8431539e+09
 1.2354756e+06   1.0073516e+10
 1.2450312e+06   9.9531134e+09
 1.2450312e+06   9.9528206e+09
 1.2511000e+06   9.9705946e+09
 1.2511000e+06   9.9698852e+09
 1.2450312e+06   9.9530570e+09
 1.2450312e+06   9.9527815e+09
 1.2511000e+06   9.9704493e+09
 1.2511000e+06   9.9697783e+09
 1.2450312e+06   9.9525018e+09
 1.2511000e+06   9.9690869e+09
 1.2450312e+06   9.9524504e+09
 1.2511000e+06   9.9689366e+09
