 5.0003194e+03   1.0200717e+08
 2.9725589e+05   1.0200716e+08
 5.0003194e+03   1.0200717e+08
 2.9725589e+05   1.0200716e+08
 5.0003194e+03   1.0200717e+08
 2.9725589e+05   1.0200716e+08
 5.0003194e+03   1.0200717e+08
 2.9725589e+05   1.0200716e+08
 4.1654790e+05   1.0200715e+08
 4.1654790e+05   1.0200715e+08
 4.1654790e+05   1.0200715e+08
 4.1654790e+05   1.0200715e+08
 5.0542851e+05   1.0200714e+08
 5.0542851e+05   1.0200714e+08
 5.0542851e+05   1.0200714e+08
 5.0542851e+05   1.0200714e+08
 5.7806320e+05   1.0200713e+08
 5.7806320e+05   1.0200713e+08
 5.7806320e+05   1.0200713e+08
 5.7806320e+05   1.0200713e+08
 6.3979527e+05   1.0200712e+08
 6.3979527e+05   1.0200712e+08
 6.3979527e+05   1.0200712e+08
 6.3979527e+05   1.0200712e+08
 6.9362747e+05   1.0200711e+08
 6.9362747e+05   1.0200711e+08
 6.9362747e+05   1.0200711e+08
 6.9362747e+05   1.0200711e+08
 7.4132022e+05   1.0200710e+08
 7.4132022e+05   1.0200710e+08
 7.4132022e+05   1.0200710e+08
 7.4132022e+05   1.0200710e+08
 7.8375600e+05   1.0200709e+08
 7.8375600e+05   1.0200709e+08
 7.8375600e+05   1.0200709e+08
 7.8375600e+05   1.0200709e+08
 8.2193599e+05   1.0200707e+08
 8.2193599e+05   1.0200707e+08
 8.2193599e+05   1.0200707e+08
 8.2193599e+05   1.0200707e+08
 8.5646588e+05   1.0200706e+08
 8.5646588e+05   1.0200706e+08
 8.5646588e+05   1.0200706e+08
 8.5646588e+05   1.0200706e+08
 8.8756463e+05   1.0200705e+08
 8.8756463e+05   1.0200705e+08
 8.8756463e+05   1.0200705e+08
 8.8756463e+05   1.0200705e+08
 9.1575303e+05   1.0200704e+08
 9.1575303e+05   1.0200704e+08
 9.1575303e+05   1.0200704e+08
 9.1575303e+05   1.0200704e+08
 9.4133074e+05   1.0200703e+08
 9.4133074e+05   1.0200703e+08
 9.4133074e+05   1.0200703e+08
 9.4133074e+05   1.0200703e+08
 9.6452678e+05   1.0200702e+08
 9.6452678e+05   1.0200702e+08
 9.6452678e+05   1.0200702e+08
 9.6452678e+05   1.0200702e+08
 9.8554337e+05   1.0200701e+08
 9.8554337e+05   1.0200701e+08
 9.8554337e+05   1.0200701e+08
 9.8554337e+05   1.0200701e+08
 1.0044896e+06   1.0200700e+08
 1.0044896e+06   1.0200700e+08
 1.0044896e+06   1.0200700e+08
 1.0044896e+06   1.0200700e+08
 1.0216191e+06   1.0200698e+08
 1.0216191e+06   1.0200698e+08
 1.0216191e+06   1.0200698e+08
 1.0216191e+06   1.0200698e+08
 1.0370807e+06   1.0200697e+08
 1.0370807e+06   1.0200697e+08
 1.0370807e+06   1.0200697e+08
 1.0370807e+06   1.0200697e+08
 1.0510122e+06   1.0200696e+08
 1.0510122e+06   1.0200696e+08
 1.0510122e+06   1.0200696e+08
 1.0510122e+06   1.0200696e+08
 1.0635798e+06   1.0200695e+08
 1.0635798e+06   1.0200695e+08
 1.0635798e+06   1.0200695e+08
 1.0635798e+06   1.0200695e+08
 1.0748243e+06   1.0200694e+08
 1.0748243e+06   1.0200694e+08
 1.0748243e+06   1.0200694e+08
 1.0748243e+06   1.0200694e+08
 1.0849056e+06   1.0200693e+08
 1.0849056e+06   1.0200693e+08
 1.0849056e+06   1.0200693e+08
 1.0849056e+06   1.0200693e+08
 1.0939324e+06   1.0200692e+08
 1.0939324e+06   1.0200692e+08
 1.0939324e+06   1.0200692e+08
 1.0939324e+06   1.0200692e+08
 1.1020088e+06   1.0200690e+08
 1.1020088e+06   1.0200690e+08
 1.1020088e+06   1.0200690e+08
 1.1020088e+06   1.0200690e+08
 1.1092305e+06   1.0200689e+08
 1.1092305e+06   1.0200689e+08
 1.1092305e+06   1.0200689e+08
 1.1092305e+06   1.0200689e+08
 1.1156888e+06   1.0200688e+08
 1.1156888e+06   1.0200688e+08
 1.1156888e+06   1.0200688e+08
 1.1156888e+06   1.0200688e+08
 1.1214679e+06   1.0200687e+08
 1.1214679e+06   1.0200687e+08
 1.1214679e+06   1.0200687e+08
 1.1214679e+06   1.0200687e+08
 1.1266464e+06   1.0200686e+08
 1.1266464e+06   1.0200686e+08
 1.1266464e+06   1.0200686e+08
 1.1266464e+06   1.0200686e+08
 1.1312958e+06   1.0200685e+08
 1.1312958e+06   1.0200685e+08
 1.1312958e+06   1.0200685e+08
 1.1312958e+06   1.0200685e+08
 1.1354835e+06   1.0200684e+08
 1.1354835e+06   1.0200684e+08
 1.1354835e+06   1.0200684e+08
 1.1354835e+06   1.0200684e+08
 1.1392663e+06   1.0200682e+08
 1.1392663e+06   1.0200682e+08
 1.1392663e+06   1.0200682e+08
 1.1392663e+06   1.0200682e+08
 1.1426910e+06   1.0200681e+08
 1.1426910e+06   1.0200681e+08
 1.1426910e+06   1.0200681e+08
 1.1426910e+06   1.0200681e+08
 1.1457852e+06   1.0200680e+08
 1.1457852e+06   1.0200680e+08
 1.1457852e+06   1.0200680e+08
 1.1457852e+06   1.0200680e+08
 1.1485492e+06   1.0200679e+08
 1.1485492e+06   1.0200679e+08
 1.1485492e+06   1.0200679e+08
 1.1485492e+06   1.0200679e+08
 1.1509533e+06   1.0200678e+08
 1.1509533e+06   1.0200678e+08
 1.1509533e+06   1.0200678e+08
 1.1509533e+06   1.0200678e+08
 1.1529554e+06   1.0200642e+08
 1.1529554e+06   1.0200642e+08
 1.1529554e+06   1.0200642e+08
 1.1529554e+06   1.0200642e+08
 1.1545487e+06   1.0200611e+08
 1.1545487e+06   1.0200611e+08
 1.1545487e+06   1.0200611e+08
 1.1545487e+06   1.0200611e+08
 1.1557993e+06   1.0200585e+08
 1.1557993e+06   1.0200585e+08
 1.1557993e+06   1.0200585e+08
 1.1557993e+06   1.0200585e+08
 1.1568239e+06   1.0200562e+08
 1.1568239e+06   1.0200562e+08
 1.1568239e+06   1.0200562e+08
 1.1568239e+06   1.0200562e+08
 1.1577327e+06   1.0200540e+08
 1.1577327e+06   1.0200540e+08
 1.1577327e+06   1.0200540e+08
 1.1577327e+06   1.0200540e+08
 1.1585946e+06   1.0200518e+08
 1.1585946e+06   1.0200518e+08
 1.1585946e+06   1.0200518e+08
 1.1585946e+06   1.0200518e+08
 1.1594392e+06   1.0200495e+08
 1.1594392e+06   1.0200495e+08
 1.1594392e+06   1.0200495e+08
 1.1594392e+06   1.0200495e+08
 1.1602731e+06   1.0200471e+08
 1.1602731e+06   1.0200471e+08
 1.1602731e+06   1.0200471e+08
 1.1602731e+06   1.0200471e+08
 1.1610938e+06   1.0200447e+08
 1.1610938e+06   1.0200447e+08
 1.1610938e+06   1.0200447e+08
 1.1610938e+06   1.0200447e+08
 1.1618896e+06   1.0200421e+08
 1.1618896e+06   1.0200421e+08
 1.1618896e+06   1.0200421e+08
 1.1618896e+06   1.0200421e+08
 1.1626717e+06   1.0200395e+08
 1.1626717e+06   1.0200395e+08
 1.1626717e+06   1.0200395e+08
 1.1626717e+06   1.0200395e+08
 1.1634310e+06   1.0200368e+08
 1.1634310e+06   1.0200368e+08
 1.1634310e+06   1.0200368e+08
 1.1634310e+06   1.0200368e+08
 1.1641686e+06   1.0200340e+08
 1.1641686e+06   1.0200340e+08
 1.1641686e+06   1.0200340e+08
 1.1641686e+06   1.0200340e+08
 1.1648842e+06   1.0200312e+08
 1.1648842e+06   1.0200312e+08
 1.1648842e+06   1.0200312e+08
 1.1648842e+06   1.0200312e+08
 1.1655780e+06   1.0200283e+08
 1.1655780e+06   1.0200283e+08
 1.1655780e+06   1.0200283e+08
 1.1655780e+06   1.0200283e+08
 1.1662559e+06   1.0200253e+08
 1.1662559e+06   1.0200253e+08
 1.1662559e+06   1.0200253e+08
 1.1662559e+06   1.0200253e+08
 1.1669115e+06   1.0200222e+08
 1.1669115e+06   1.0200222e+08
 1.1669115e+06   1.0200222e+08
 1.1669115e+06   1.0200222e+08
 1.1675594e+06   1.0200190e+08
 1.1675594e+06   1.0200190e+08
 1.1675594e+06   1.0200190e+08
 1.1675594e+06   1.0200190e+08
 1.1681846e+06   1.0200157e+08
 1.1681846e+06   1.0200157e+08
 1.1681846e+06   1.0200157e+08
 1.1681846e+06   1.0200157e+08
 1.1688093e+06   1.0200122e+08
 1.1688093e+06   1.0200122e+08
 1.1688093e+06   1.0200122e+08
 1.1688093e+06   1.0200122e+08
 1.1694120e+06   1.0200086e+08
 1.1694120e+06   1.0200086e+08
 1.1694120e+06   1.0200086e+08
 1.1694120e+06   1.0200086e+08
 1.1700150e+06   1.0200049e+08
 1.1700150e+06   1.0200049e+08
 1.1700150e+06   1.0200049e+08
 1.1700150e+06   1.0200049e+08
 1.1706060e+06   1.0200010e+08
 1.1706060e+06   1.0200010e+08
 1.1706060e+06   1.0200010e+08
 1.1706060e+06   1.0200010e+08
 1.1711934e+06   1.0199968e+08
 1.1711934e+06   1.0199968e+08
 1.1711934e+06   1.0199968e+08
 1.1711934e+06   1.0199968e+08
 1.1717764e+06   1.0199925e+08
 1.1717764e+06   1.0199925e+08
 1.1717764e+06   1.0199925e+08
 1.1717764e+06   1.0199925e+08
 1.1723539e+06   1.0199880e+08
 1.1723539e+06   1.0199880e+08
 1.1723539e+06   1.0199880e+08
 1.1723539e+06   1.0199880e+08
 1.1729308e+06   1.0199832e+08
 1.1729308e+06   1.0199832e+08
 1.1729308e+06   1.0199832e+08
 1.1729308e+06   1.0199832e+08
 1.1735024e+06   1.0199781e+08
 1.1735024e+06   1.0199781e+08
 1.1735024e+06   1.0199781e+08
 1.1735024e+06   1.0199781e+08
 1.1740744e+06   1.0199728e+08
 1.1740744e+06   1.0199728e+08
 1.1740744e+06   1.0199728e+08
 1.1740744e+06   1.0199728e+08
 1.1746432e+06   1.0199672e+08
 1.1746432e+06   1.0199672e+08
 1.1746432e+06   1.0199672e+08
 1.1746432e+06   1.0199672e+08
 1.1752118e+06   1.0199613e+08
 1.1752118e+06   1.0199613e+08
 1.1752118e+06   1.0199613e+08
 1.1752118e+06   1.0199613e+08
 1.1757792e+06   1.0199550e+08
 1.1757792e+06   1.0199550e+08
 1.1757792e+06   1.0199550e+08
 1.1757792e+06   1.0199550e+08
 1.1763458e+06   1.0199485e+08
 1.1763458e+06   1.0199485e+08
 1.1763458e+06   1.0199485e+08
 1.1763458e+06   1.0199485e+08
 1.1769119e+06   1.0199415e+08
 1.1769119e+06   1.0199415e+08
 1.1769119e+06   1.0199415e+08
 1.1769119e+06   1.0199415e+08
 1.1774769e+06   1.0199342e+08
 1.1774769e+06   1.0199342e+08
 1.1774769e+06   1.0199342e+08
 1.1774769e+06   1.0199342e+08
 1.1780420e+06   1.0199265e+08
 1.1780420e+06   1.0199265e+08
 1.1780420e+06   1.0199265e+08
 1.1780420e+06   1.0199265e+08
 1.1786051e+06   1.0199185e+08
 1.1786051e+06   1.0199185e+08
 1.1786051e+06   1.0199185e+08
 1.1786051e+06   1.0199185e+08
 1.1791685e+06   1.0199100e+08
 1.1791685e+06   1.0199100e+08
 1.1791685e+06   1.0199100e+08
 1.1791685e+06   1.0199100e+08
 1.1797297e+06   1.0199011e+08
 1.1797297e+06   1.0199011e+08
 1.1797297e+06   1.0199011e+08
 1.1797297e+06   1.0199011e+08
 1.1802906e+06   1.0198917e+08
 1.1802906e+06   1.0198917e+08
 1.1802906e+06   1.0198917e+08
 1.1802906e+06   1.0198917e+08
 1.1808491e+06   1.0198819e+08
 1.1808491e+06   1.0198819e+08
 1.1808491e+06   1.0198819e+08
 1.1808491e+06   1.0198819e+08
 1.1814067e+06   1.0198716e+08
 1.1814067e+06   1.0198716e+08
 1.1814067e+06   1.0198716e+08
 1.1814067e+06   1.0198716e+08
 1.1819618e+06   1.0198609e+08
 1.1819618e+06   1.0198609e+08
 1.1819618e+06   1.0198609e+08
 1.1819618e+06   1.0198609e+08
 1.1825149e+06   1.0198497e+08
 1.1825149e+06   1.0198497e+08
 1.1825149e+06   1.0198497e+08
 1.1825149e+06   1.0198497e+08
 1.1830657e+06   1.0198380e+08
 1.1830657e+06   1.0198380e+08
 1.1830657e+06   1.0198380e+08
 1.1830657e+06   1.0198380e+08
 1.1836131e+06   1.0198258e+08
 1.1836131e+06   1.0198258e+08
 1.1836131e+06   1.0198258e+08
 1.1836131e+06   1.0198258e+08
 1.1841586e+06   1.0198131e+08
 1.1841586e+06   1.0198131e+08
 1.1841586e+06   1.0198131e+08
 1.1841586e+06   1.0198131e+08
 1.1846993e+06   1.0198000e+08
 1.1846993e+06   1.0198000e+08
 1.1846993e+06   1.0198000e+08
 1.1846993e+06   1.0198000e+08
 1.1852383e+06   1.0197863e+08
 1.1852383e+06   1.0197863e+08
 1.1852383e+06   1.0197863e+08
 1.1852383e+06   1.0197863e+08
 1.1857713e+06   1.0197722e+08
 1.1857713e+06   1.0197722e+08
 1.1857713e+06   1.0197722e+08
 1.1857713e+06   1.0197722e+08
 1.1863028e+06   1.0197575e+08
 1.1863028e+06   1.0197575e+08
 1.1863028e+06   1.0197575e+08
 1.1863028e+06   1.0197575e+08
 1.1868270e+06   1.0197424e+08
 1.1868270e+06   1.0197424e+08
 1.1868270e+06   1.0197424e+08
 1.1868270e+06   1.0197424e+08
 1.1873500e+06   1.0197267e+08
 1.1873500e+06   1.0197267e+08
 1.1873500e+06   1.0197267e+08
 1.1873500e+06   1.0197267e+08
 1.1878646e+06   1.0197106e+08
 1.1878646e+06   1.0197106e+08
 1.1878646e+06   1.0197106e+08
 1.1878646e+06   1.0197106e+08
 1.1883779e+06   1.0196939e+08
 1.1883779e+06   1.0196939e+08
 1.1883779e+06   1.0196939e+08
 1.1883779e+06   1.0196939e+08
 1.1888821e+06   1.0196769e+08
 1.1888821e+06   1.0196769e+08
 1.1888821e+06   1.0196769e+08
 1.1888821e+06   1.0196769e+08
 1.1893850e+06   1.0196593e+08
 1.1893850e+06   1.0196593e+08
 1.1893850e+06   1.0196593e+08
 1.1893850e+06   1.0196593e+08
 1.1898779e+06   1.0196414e+08
 1.1898779e+06   1.0196414e+08
 1.1898779e+06   1.0196414e+08
 1.1898779e+06   1.0196414e+08
 1.1903696e+06   1.0196228e+08
 1.1903696e+06   1.0196228e+08
 1.1903696e+06   1.0196228e+08
 1.1903696e+06   1.0196228e+08
 1.1908508e+06   1.0196040e+08
 1.1908508e+06   1.0196040e+08
 1.1908508e+06   1.0196040e+08
 1.1908508e+06   1.0196040e+08
 1.1913305e+06   1.0195845e+08
 1.1913305e+06   1.0195845e+08
 1.1913305e+06   1.0195845e+08
 1.1913305e+06   1.0195845e+08
 1.1917993e+06   1.0195649e+08
 1.1917993e+06   1.0195649e+08
 1.1917993e+06   1.0195649e+08
 1.1917993e+06   1.0195649e+08
 1.1922666e+06   1.0195446e+08
 1.1922666e+06   1.0195446e+08
 1.1922666e+06   1.0195446e+08
 1.1922666e+06   1.0195446e+08
 1.1927226e+06   1.0195242e+08
 1.1927226e+06   1.0195242e+08
 1.1927226e+06   1.0195242e+08
 1.1927226e+06   1.0195242e+08
 1.1931769e+06   1.0195032e+08
 1.1931769e+06   1.0195032e+08
 1.1931769e+06   1.0195032e+08
 1.1931769e+06   1.0195032e+08
 1.1936197e+06   1.0194820e+08
 1.1936197e+06   1.0194820e+08
 1.1936197e+06   1.0194820e+08
 1.1936197e+06   1.0194820e+08
 1.1940608e+06   1.0194603e+08
 1.1940608e+06   1.0194603e+08
 1.1940608e+06   1.0194603e+08
 1.1940608e+06   1.0194603e+08
 1.1944901e+06   1.0194384e+08
 1.1944901e+06   1.0194384e+08
 1.1944901e+06   1.0194384e+08
 1.1944901e+06   1.0194384e+08
 1.1949177e+06   1.0194160e+08
 1.1949177e+06   1.0194160e+08
 1.1949177e+06   1.0194160e+08
 1.1949177e+06   1.0194160e+08
 1.1953332e+06   1.0193936e+08
 1.1953332e+06   1.0193936e+08
 1.1953332e+06   1.0193936e+08
 1.1953332e+06   1.0193936e+08
 1.1957473e+06   1.0193707e+08
 1.1957473e+06   1.0193707e+08
 1.1957473e+06   1.0193707e+08
 1.1957473e+06   1.0193707e+08
 1.1961489e+06   1.0193477e+08
 1.1961489e+06   1.0193477e+08
 1.1961489e+06   1.0193477e+08
 1.1961489e+06   1.0193477e+08
 1.1965495e+06   1.0193242e+08
 1.1965495e+06   1.0193242e+08
 1.1965495e+06   1.0193242e+08
 1.1965495e+06   1.0193242e+08
 1.1969370e+06   1.0193009e+08
 1.1969370e+06   1.0193009e+08
 1.1969370e+06   1.0193009e+08
 1.1969370e+06   1.0193009e+08
 1.1973242e+06   1.0192769e+08
 1.1973242e+06   1.0192769e+08
 1.1973242e+06   1.0192769e+08
 1.1973242e+06   1.0192769e+08
 1.1976976e+06   1.0192532e+08
 1.1976976e+06   1.0192532e+08
 1.1976976e+06   1.0192532e+08
 1.1976976e+06   1.0192532e+08
 1.1980710e+06   1.0192288e+08
 1.1980710e+06   1.0192288e+08
 1.1980710e+06   1.0192288e+08
 1.1980710e+06   1.0192288e+08
 1.1984309e+06   1.0192048e+08
 1.1984309e+06   1.0192048e+08
 1.1984309e+06   1.0192048e+08
 1.1984309e+06   1.0192048e+08
 1.1987901e+06   1.0191802e+08
 1.1987901e+06   1.0191802e+08
 1.1987901e+06   1.0191802e+08
 1.1987901e+06   1.0191802e+08
 1.1991374e+06   1.0191558e+08
 1.1991374e+06   1.0191558e+08
 1.1991374e+06   1.0191558e+08
 1.1991374e+06   1.0191558e+08
 1.1994825e+06   1.0191311e+08
 1.1994825e+06   1.0191311e+08
 1.1994825e+06   1.0191311e+08
 1.1994825e+06   1.0191311e+08
 1.1998178e+06   1.0191065e+08
 1.1998178e+06   1.0191065e+08
 1.1998178e+06   1.0191065e+08
 1.1998178e+06   1.0191065e+08
 1.2001486e+06   1.0190816e+08
 1.2001486e+06   1.0190816e+08
 1.2001486e+06   1.0190816e+08
 1.2001486e+06   1.0190816e+08
 1.2004727e+06   1.0190567e+08
 1.2004727e+06   1.0190567e+08
 1.2004727e+06   1.0190567e+08
 1.2004727e+06   1.0190567e+08
 1.2007895e+06   1.0190319e+08
 1.2007895e+06   1.0190319e+08
 1.2007895e+06   1.0190319e+08
 1.2007895e+06   1.0190319e+08
 1.2011032e+06   1.0190068e+08
 1.2011032e+06   1.0190068e+08
 1.2011032e+06   1.0190068e+08
 1.2011032e+06   1.0190068e+08
 1.2014061e+06   1.0189821e+08
 1.2014061e+06   1.0189821e+08
 1.2014061e+06   1.0189821e+08
 1.2014061e+06   1.0189821e+08
 1.2017091e+06   1.0189568e+08
 1.2017091e+06   1.0189568e+08
 1.2017091e+06   1.0189568e+08
 1.2017091e+06   1.0189568e+08
 1.2019996e+06   1.0189321e+08
 1.2019996e+06   1.0189321e+08
 1.2019996e+06   1.0189321e+08
 1.2019996e+06   1.0189321e+08
 1.2022889e+06   1.0189071e+08
 1.2022889e+06   1.0189071e+08
 1.2022889e+06   1.0189071e+08
 1.2022889e+06   1.0189071e+08
 1.2025714e+06   1.0188821e+08
 1.2025714e+06   1.0188821e+08
 1.2025714e+06   1.0188821e+08
 1.2025714e+06   1.0188821e+08
 1.2028473e+06   1.0188574e+08
 1.2028473e+06   1.0188574e+08
 1.2028473e+06   1.0188574e+08
 1.2028473e+06   1.0188574e+08
 1.2031232e+06   1.0188321e+08
 1.2031232e+06   1.0188321e+08
 1.2031232e+06   1.0188321e+08
 1.2031232e+06   1.0188321e+08
 1.2033860e+06   1.0188077e+08
 1.2033860e+06   1.0188077e+08
 1.2033860e+06   1.0188077e+08
 1.2033860e+06   1.0188077e+08
 1.2036489e+06   1.0187828e+08
 1.2036489e+06   1.0187828e+08
 1.2036489e+06   1.0187828e+08
 1.2036489e+06   1.0187828e+08
 1.2039069e+06   1.0187580e+08
 1.2039069e+06   1.0187580e+08
 1.2039069e+06   1.0187580e+08
 1.2039069e+06   1.0187580e+08
 1.2041570e+06   1.0187335e+08
 1.2041570e+06   1.0187335e+08
 1.2041570e+06   1.0187335e+08
 1.2041570e+06   1.0187335e+08
 1.2044073e+06   1.0187087e+08
 1.2044073e+06   1.0187087e+08
 1.2044073e+06   1.0187087e+08
 1.2044073e+06   1.0187087e+08
 1.2046497e+06   1.0186842e+08
 1.2046497e+06   1.0186842e+08
 1.2046497e+06   1.0186842e+08
 1.2046497e+06   1.0186842e+08
 1.2048877e+06   1.0186598e+08
 1.2048877e+06   1.0186598e+08
 1.2048877e+06   1.0186598e+08
 1.2048877e+06   1.0186598e+08
 1.2051257e+06   1.0186351e+08
 1.2051257e+06   1.0186351e+08
 1.2051257e+06   1.0186351e+08
 1.2051257e+06   1.0186351e+08
 1.2053553e+06   1.0186109e+08
 1.2053553e+06   1.0186109e+08
 1.2053553e+06   1.0186109e+08
 1.2053553e+06   1.0186109e+08
 1.2055815e+06   1.0185868e+08
 1.2055815e+06   1.0185868e+08
 1.2055815e+06   1.0185868e+08
 1.2055815e+06   1.0185868e+08
 1.2058078e+06   1.0185623e+08
 1.2058078e+06   1.0185623e+08
 1.2058078e+06   1.0185623e+08
 1.2058078e+06   1.0185623e+08
 1.2060275e+06   1.0185382e+08
 1.2060275e+06   1.0185382e+08
 1.2060275e+06   1.0185382e+08
 1.2060275e+06   1.0185382e+08
 1.2062425e+06   1.0185143e+08
 1.2062425e+06   1.0185143e+08
 1.2062425e+06   1.0185143e+08
 1.2062425e+06   1.0185143e+08
 1.2064575e+06   1.0184902e+08
 1.2064575e+06   1.0184902e+08
 1.2064575e+06   1.0184902e+08
 1.2064575e+06   1.0184902e+08
 1.2066704e+06   1.0184659e+08
 1.2066704e+06   1.0184659e+08
 1.2066704e+06   1.0184659e+08
 1.2066704e+06   1.0184659e+08
 1.2068745e+06   1.0184424e+08
 1.2068745e+06   1.0184424e+08
 1.2068745e+06   1.0184424e+08
 1.2068745e+06   1.0184424e+08
 1.2070785e+06   1.0184187e+08
 1.2070785e+06   1.0184187e+08
 1.2070785e+06   1.0184187e+08
 1.2070785e+06   1.0184187e+08
 1.2072826e+06   1.0183947e+08
 1.2072826e+06   1.0183947e+08
 1.2072826e+06   1.0183947e+08
 1.2072826e+06   1.0183947e+08
 1.2074815e+06   1.0183710e+08
 1.2074815e+06   1.0183710e+08
 1.2074815e+06   1.0183710e+08
 1.2074815e+06   1.0183710e+08
 1.2076743e+06   1.0183479e+08
 1.2076743e+06   1.0183479e+08
 1.2076743e+06   1.0183479e+08
 1.2076743e+06   1.0183479e+08
 1.2078671e+06   1.0183245e+08
 1.2078671e+06   1.0183245e+08
 1.2078671e+06   1.0183245e+08
 1.2078671e+06   1.0183245e+08
 1.2080600e+06   1.0183009e+08
 1.2080600e+06   1.0183009e+08
 1.2080600e+06   1.0183009e+08
 1.2080600e+06   1.0183009e+08
 1.2082494e+06   1.0182774e+08
 1.2082494e+06   1.0182774e+08
 1.2082494e+06   1.0182774e+08
 1.2082494e+06   1.0182774e+08
 1.2084301e+06   1.0182549e+08
 1.2084301e+06   1.0182549e+08
 1.2084301e+06   1.0182549e+08
 1.2084301e+06   1.0182549e+08
 1.2086108e+06   1.0182322e+08
 1.2086108e+06   1.0182322e+08
 1.2086108e+06   1.0182322e+08
 1.2086108e+06   1.0182322e+08
 1.2087915e+06   1.0182093e+08
 1.2087915e+06   1.0182093e+08
 1.2087915e+06   1.0182093e+08
 1.2087915e+06   1.0182093e+08
 1.2089723e+06   1.0181862e+08
 1.2089723e+06   1.0181862e+08
 1.2089723e+06   1.0181862e+08
 1.2089723e+06   1.0181862e+08
 1.2091559e+06   1.0181625e+08
 1.2091559e+06   1.0181625e+08
 1.2091559e+06   1.0181625e+08
 1.2091559e+06   1.0181625e+08
 1.2093434e+06   1.0181382e+08
 1.2093434e+06   1.0181382e+08
 1.2093434e+06   1.0181382e+08
 1.2093434e+06   1.0181382e+08
 1.2095308e+06   1.0181137e+08
 1.2095308e+06   1.0181137e+08
 1.2095308e+06   1.0181137e+08
 1.2095308e+06   1.0181137e+08
 1.2097183e+06   1.0180890e+08
 1.2097183e+06   1.0180890e+08
 1.2097183e+06   1.0180890e+08
 1.2097183e+06   1.0180890e+08
 1.2099058e+06   1.0180642e+08
 1.2099058e+06   1.0180642e+08
 1.2099058e+06   1.0180642e+08
 1.2099058e+06   1.0180642e+08
 1.2101110e+06   1.0180369e+08
 1.2101110e+06   1.0180369e+08
 1.2101110e+06   1.0180369e+08
 1.2101110e+06   1.0180369e+08
 1.2103899e+06   1.0179995e+08
 1.2103899e+06   1.0179995e+08
 1.2103899e+06   1.0179995e+08
 1.2103899e+06   1.0179995e+08
 1.2106688e+06   1.0179619e+08
 1.2106688e+06   1.0179619e+08
 1.2106688e+06   1.0179619e+08
 1.2106688e+06   1.0179619e+08
 1.2109478e+06   1.0179242e+08
 1.2109478e+06   1.0179242e+08
 1.2109478e+06   1.0179242e+08
 1.2109478e+06   1.0179242e+08
 1.2112686e+06   1.0178809e+08
 1.2112686e+06   1.0178809e+08
 1.2112686e+06   1.0178809e+08
 1.2112686e+06   1.0178809e+08
 1.2116708e+06   1.0178293e+08
 1.2116708e+06   1.0178293e+08
 1.2116708e+06   1.0178293e+08
 1.2116708e+06   1.0178293e+08
 1.2120730e+06   1.0177810e+08
 1.2120730e+06   1.0177810e+08
 1.2120730e+06   1.0177810e+08
 1.2120730e+06   1.0177810e+08
 1.2125155e+06   1.0177302e+08
 1.2125155e+06   1.0177302e+08
 1.2125155e+06   1.0177302e+08
 1.2125155e+06   1.0177302e+08
 1.2129857e+06   1.0176747e+08
 1.2129857e+06   1.0176747e+08
 1.2129857e+06   1.0176747e+08
 1.2129857e+06   1.0176747e+08
 1.2134612e+06   1.0176168e+08
 1.2134612e+06   1.0176168e+08
 1.2134612e+06   1.0176168e+08
 1.2134612e+06   1.0176168e+08
 1.2139522e+06   1.0175551e+08
 1.2139522e+06   1.0175551e+08
 1.2139522e+06   1.0175551e+08
 1.2139522e+06   1.0175551e+08
 1.2144432e+06   1.0174915e+08
 1.2144432e+06   1.0174915e+08
 1.2144432e+06   1.0174915e+08
 1.2144432e+06   1.0174915e+08
 1.2149308e+06   1.0174263e+08
 1.2149308e+06   1.0174263e+08
 1.2149308e+06   1.0174263e+08
 1.2149308e+06   1.0174263e+08
 1.2154186e+06   1.0173591e+08
 1.2154186e+06   1.0173591e+08
 1.2154186e+06   1.0173591e+08
 1.2154186e+06   1.0173591e+08
 1.2158958e+06   1.0172913e+08
 1.2158958e+06   1.0172913e+08
 1.2158958e+06   1.0172913e+08
 1.2158958e+06   1.0172913e+08
 1.2163714e+06   1.0172217e+08
 1.2163714e+06   1.0172217e+08
 1.2163714e+06   1.0172217e+08
 1.2163714e+06   1.0172217e+08
 1.2168383e+06   1.0171514e+08
 1.2168383e+06   1.0171514e+08
 1.2168383e+06   1.0171514e+08
 1.2168383e+06   1.0171514e+08
 1.2173009e+06   1.0170794e+08
 1.2173009e+06   1.0170794e+08
 1.2173009e+06   1.0170794e+08
 1.2173009e+06   1.0170794e+08
 1.2177585e+06   1.0170058e+08
 1.2177585e+06   1.0170058e+08
 1.2177585e+06   1.0170058e+08
 1.2177585e+06   1.0170058e+08
 1.2182100e+06   1.0169312e+08
 1.2182100e+06   1.0169312e+08
 1.2182100e+06   1.0169312e+08
 1.2182100e+06   1.0169312e+08
 1.2186597e+06   1.0168547e+08
 1.2186597e+06   1.0168547e+08
 1.2186597e+06   1.0168547e+08
 1.2186597e+06   1.0168547e+08
 1.2191024e+06   1.0167768e+08
 1.2191024e+06   1.0167768e+08
 1.2191024e+06   1.0167768e+08
 1.2191024e+06   1.0167768e+08
 1.2195452e+06   1.0166962e+08
 1.2195452e+06   1.0166962e+08
 1.2195452e+06   1.0166962e+08
 1.2195452e+06   1.0166962e+08
 1.2199812e+06   1.0166148e+08
 1.2199812e+06   1.0166148e+08
 1.2199812e+06   1.0166148e+08
 1.2199812e+06   1.0166148e+08
 1.2204171e+06   1.0165322e+08
 1.2204171e+06   1.0165322e+08
 1.2204171e+06   1.0165322e+08
 1.2204171e+06   1.0165322e+08
 1.2208487e+06   1.0164487e+08
 1.2208487e+06   1.0164487e+08
 1.2208487e+06   1.0164487e+08
 1.2208487e+06   1.0164487e+08
 1.2212788e+06   1.0163634e+08
 1.2212788e+06   1.0163634e+08
 1.2212788e+06   1.0163634e+08
 1.2212788e+06   1.0163634e+08
 1.2217064e+06   1.0162763e+08
 1.2217064e+06   1.0162763e+08
 1.2217064e+06   1.0162763e+08
 1.2217064e+06   1.0162763e+08
 1.2221313e+06   1.0161875e+08
 1.2221313e+06   1.0161875e+08
 1.2221313e+06   1.0161875e+08
 1.2221313e+06   1.0161875e+08
 1.2225549e+06   1.0160967e+08
 1.2225549e+06   1.0160967e+08
 1.2225549e+06   1.0160967e+08
 1.2225549e+06   1.0160967e+08
 1.2229748e+06   1.0160044e+08
 1.2229748e+06   1.0160044e+08
 1.2229748e+06   1.0160044e+08
 1.2229748e+06   1.0160044e+08
 1.2233944e+06   1.0159097e+08
 1.2233944e+06   1.0159097e+08
 1.2233944e+06   1.0159097e+08
 1.2233944e+06   1.0159097e+08
 1.2238091e+06   1.0158138e+08
 1.2238091e+06   1.0158138e+08
 1.2238091e+06   1.0158138e+08
 1.2238091e+06   1.0158138e+08
 1.2242240e+06   1.0157155e+08
 1.2242240e+06   1.0157155e+08
 1.2242240e+06   1.0157155e+08
 1.2242240e+06   1.0157155e+08
 1.2246341e+06   1.0156159e+08
 1.2246341e+06   1.0156159e+08
 1.2246341e+06   1.0156159e+08
 1.2246341e+06   1.0156159e+08
 1.2250436e+06   1.0155140e+08
 1.2250436e+06   1.0155140e+08
 1.2250436e+06   1.0155140e+08
 1.2250436e+06   1.0155140e+08
 1.2254492e+06   1.0154105e+08
 1.2254492e+06   1.0154105e+08
 1.2254492e+06   1.0154105e+08
 1.2254492e+06   1.0154105e+08
 1.2258530e+06   1.0153050e+08
 1.2258530e+06   1.0153050e+08
 1.2258530e+06   1.0153050e+08
 1.2258530e+06   1.0153050e+08
 1.2262538e+06   1.0151978e+08
 1.2262538e+06   1.0151978e+08
 1.2262538e+06   1.0151978e+08
 1.2262538e+06   1.0151978e+08
 1.2266516e+06   1.0150888e+08
 1.2266516e+06   1.0150888e+08
 1.2266516e+06   1.0150888e+08
 1.2266516e+06   1.0150888e+08
 1.2270473e+06   1.0149776e+08
 1.2270473e+06   1.0149776e+08
 1.2270473e+06   1.0149776e+08
 1.2270473e+06   1.0149776e+08
 1.2274388e+06   1.0148635e+08
 1.2274388e+06   1.0148635e+08
 1.2274388e+06   1.0148635e+08
 1.2274388e+06   1.0148635e+08
 1.2278292e+06   1.0147455e+08
 1.2278292e+06   1.0147455e+08
 1.2278292e+06   1.0147455e+08
 1.2278292e+06   1.0147455e+08
 1.2282142e+06   1.0146258e+08
 1.2282142e+06   1.0146258e+08
 1.2282142e+06   1.0146258e+08
 1.2282142e+06   1.0146258e+08
 1.2285989e+06   1.0145036e+08
 1.2285989e+06   1.0145036e+08
 1.2285989e+06   1.0145036e+08
 1.2285989e+06   1.0145036e+08
 1.2289771e+06   1.0143800e+08
 1.2289771e+06   1.0143800e+08
 1.2289771e+06   1.0143800e+08
 1.2289771e+06   1.0143800e+08
 1.2293555e+06   1.0142527e+08
 1.2293555e+06   1.0142527e+08
 1.2293555e+06   1.0142527e+08
 1.2293555e+06   1.0142527e+08
 1.2297273e+06   1.0141242e+08
 1.2297273e+06   1.0141242e+08
 1.2297273e+06   1.0141242e+08
 1.2297273e+06   1.0141242e+08
 1.2300986e+06   1.0139930e+08
 1.2300986e+06   1.0139930e+08
 1.2300986e+06   1.0139930e+08
 1.2300986e+06   1.0139930e+08
 1.2304643e+06   1.0138609e+08
 1.2304643e+06   1.0138609e+08
 1.2304643e+06   1.0138609e+08
 1.2304643e+06   1.0138609e+08
 1.2308286e+06   1.0137263e+08
 1.2308286e+06   1.0137263e+08
 1.2308286e+06   1.0137263e+08
 1.2308286e+06   1.0137263e+08
 1.2311879e+06   1.0135906e+08
 1.2311879e+06   1.0135906e+08
 1.2311879e+06   1.0135906e+08
 1.2311879e+06   1.0135906e+08
 1.2315450e+06   1.0134528e+08
 1.2315450e+06   1.0134528e+08
 1.2315450e+06   1.0134528e+08
 1.2315450e+06   1.0134528e+08
 1.2318979e+06   1.0133134e+08
 1.2318979e+06   1.0133134e+08
 1.2318979e+06   1.0133134e+08
 1.2318979e+06   1.0133134e+08
 1.2322477e+06   1.0131722e+08
 1.2322477e+06   1.0131722e+08
 1.2322477e+06   1.0131722e+08
 1.2322477e+06   1.0131722e+08
 1.2325942e+06   1.0130292e+08
 1.2325942e+06   1.0130292e+08
 1.2325942e+06   1.0130292e+08
 1.2325942e+06   1.0130292e+08
 1.2329367e+06   1.0128847e+08
 1.2329367e+06   1.0128847e+08
 1.2329367e+06   1.0128847e+08
 1.2329367e+06   1.0128847e+08
 1.2332767e+06   1.0127380e+08
 1.2332767e+06   1.0127380e+08
 1.2332767e+06   1.0127380e+08
 1.2332767e+06   1.0127380e+08
 1.2336119e+06   1.0125902e+08
 1.2336119e+06   1.0125902e+08
 1.2336119e+06   1.0125902e+08
 1.2336119e+06   1.0125902e+08
 1.2339453e+06   1.0124397e+08
 1.2339453e+06   1.0124397e+08
 1.2339453e+06   1.0124397e+08
 1.2339453e+06   1.0124397e+08
 1.2342732e+06   1.0122885e+08
 1.2342732e+06   1.0122885e+08
 1.2342732e+06   1.0122885e+08
 1.2342732e+06   1.0122885e+08
 1.2346001e+06   1.0121343e+08
 1.2346001e+06   1.0121343e+08
 1.2346001e+06   1.0121343e+08
 1.2346001e+06   1.0121343e+08
 1.2349208e+06   1.0119796e+08
 1.2349208e+06   1.0119796e+08
 1.2349208e+06   1.0119796e+08
 1.2349208e+06   1.0119796e+08
 1.2352411e+06   1.0118215e+08
 1.2352411e+06   1.0118215e+08
 1.2352411e+06   1.0118215e+08
 1.2352411e+06   1.0118215e+08
 1.2355546e+06   1.0116633e+08
 1.2355546e+06   1.0116633e+08
 1.2355546e+06   1.0116633e+08
 1.2355546e+06   1.0116633e+08
 1.2358681e+06   1.0115015e+08
 1.2358681e+06   1.0115015e+08
 1.2358681e+06   1.0115015e+08
 1.2358681e+06   1.0115015e+08
 1.2361748e+06   1.0113396e+08
 1.2361748e+06   1.0113396e+08
 1.2361748e+06   1.0113396e+08
 1.2361748e+06   1.0113396e+08
 1.2364812e+06   1.0111741e+08
 1.2364812e+06   1.0111741e+08
 1.2364812e+06   1.0111741e+08
 1.2364812e+06   1.0111741e+08
 1.2367814e+06   1.0110082e+08
 1.2367814e+06   1.0110082e+08
 1.2367814e+06   1.0110082e+08
 1.2367814e+06   1.0110082e+08
 1.2370808e+06   1.0108390e+08
 1.2370808e+06   1.0108390e+08
 1.2370808e+06   1.0108390e+08
 1.2370808e+06   1.0108390e+08
 1.2373748e+06   1.0106691e+08
 1.2373748e+06   1.0106691e+08
 1.2373748e+06   1.0106691e+08
 1.2373748e+06   1.0106691e+08
 1.2376672e+06   1.0104961e+08
 1.2376672e+06   1.0104961e+08
 1.2376672e+06   1.0104961e+08
 1.2376672e+06   1.0104961e+08
 1.2379549e+06   1.0103219e+08
 1.2379549e+06   1.0103219e+08
 1.2379549e+06   1.0103219e+08
 1.2379549e+06   1.0103219e+08
 1.2382405e+06   1.0101450e+08
 1.2382405e+06   1.0101450e+08
 1.2382405e+06   1.0101450e+08
 1.2382405e+06   1.0101450e+08
 1.2385220e+06   1.0099665e+08
 1.2385220e+06   1.0099665e+08
 1.2385220e+06   1.0099665e+08
 1.2385220e+06   1.0099665e+08
 1.2388009e+06   1.0097856e+08
 1.2388009e+06   1.0097856e+08
 1.2388009e+06   1.0097856e+08
 1.2388009e+06   1.0097856e+08
 1.2390764e+06   1.0096028e+08
 1.2390764e+06   1.0096028e+08
 1.2390764e+06   1.0096028e+08
 1.2390764e+06   1.0096028e+08
 1.2393486e+06   1.0094177e+08
 1.2393486e+06   1.0094177e+08
 1.2393486e+06   1.0094177e+08
 1.2393486e+06   1.0094177e+08
 1.2396181e+06   1.0092303e+08
 1.2396181e+06   1.0092303e+08
 1.2396181e+06   1.0092303e+08
 1.2396181e+06   1.0092303e+08
 1.2398838e+06   1.0090411e+08
 1.2398838e+06   1.0090411e+08
 1.2398838e+06   1.0090411e+08
 1.2398838e+06   1.0090411e+08
 1.2401474e+06   1.0088490e+08
 1.2401474e+06   1.0088490e+08
 1.2401474e+06   1.0088490e+08
 1.2401474e+06   1.0088490e+08
 1.2404068e+06   1.0086554e+08
 1.2404068e+06   1.0086554e+08
 1.2404068e+06   1.0086554e+08
 1.2404068e+06   1.0086554e+08
 1.2406645e+06   1.0084585e+08
 1.2406645e+06   1.0084585e+08
 1.2406645e+06   1.0084585e+08
 1.2406645e+06   1.0084585e+08
 1.2409177e+06   1.0082605e+08
 1.2409177e+06   1.0082605e+08
 1.2409177e+06   1.0082605e+08
 1.2409177e+06   1.0082605e+08
 1.2411697e+06   1.0080587e+08
 1.2411697e+06   1.0080587e+08
 1.2411697e+06   1.0080587e+08
 1.2411697e+06   1.0080587e+08
 1.2414167e+06   1.0078561e+08
 1.2414167e+06   1.0078561e+08
 1.2414167e+06   1.0078561e+08
 1.2414167e+06   1.0078561e+08
 1.2416631e+06   1.0076492e+08
 1.2416631e+06   1.0076492e+08
 1.2416631e+06   1.0076492e+08
 1.2416631e+06   1.0076492e+08
 1.2419041e+06   1.0074418e+08
 1.2419041e+06   1.0074418e+08
 1.2419041e+06   1.0074418e+08
 1.2419041e+06   1.0074418e+08
 1.2421449e+06   1.0072297e+08
 1.2421449e+06   1.0072297e+08
 1.2421449e+06   1.0072297e+08
 1.2421449e+06   1.0072297e+08
 1.2423781e+06   1.0070193e+08
 1.2423781e+06   1.0070193e+08
 1.2423781e+06   1.0070193e+08
 1.2423781e+06   1.0070193e+08
 1.2426114e+06   1.0068038e+08
 1.2426114e+06   1.0068038e+08
 1.2426114e+06   1.0068038e+08
 1.2426114e+06   1.0068038e+08
 1.2428447e+06   1.0065830e+08
 1.2428447e+06   1.0065830e+08
 1.2428447e+06   1.0065830e+08
 1.2428447e+06   1.0065830e+08
 1.2430725e+06   1.0063621e+08
 1.2430725e+06   1.0063621e+08
 1.2430725e+06   1.0063621e+08
 1.2430725e+06   1.0063621e+08
 1.2432963e+06   1.0061398e+08
 1.2432963e+06   1.0061398e+08
 1.2432963e+06   1.0061398e+08
 1.2432963e+06   1.0061398e+08
 1.2435201e+06   1.0059120e+08
 1.2435201e+06   1.0059120e+08
 1.2435201e+06   1.0059120e+08
 1.2435201e+06   1.0059120e+08
 1.2437429e+06   1.0056798e+08
 1.2437429e+06   1.0056798e+08
 1.2437429e+06   1.0056798e+08
 1.2437429e+06   1.0056798e+08
 1.2439576e+06   1.0054505e+08
 1.2439576e+06   1.0054505e+08
 1.2439576e+06   1.0054505e+08
 1.2439576e+06   1.0054505e+08
 1.2441723e+06   1.0052156e+08
 1.2441723e+06   1.0052156e+08
 1.2441723e+06   1.0052156e+08
 1.2441723e+06   1.0052156e+08
 1.2443870e+06   1.0049748e+08
 1.2443870e+06   1.0049748e+08
 1.2443870e+06   1.0049748e+08
 1.2443870e+06   1.0049748e+08
 1.2445959e+06   1.0047349e+08
 1.2445959e+06   1.0047349e+08
 1.2445959e+06   1.0047349e+08
 1.2445959e+06   1.0047349e+08
 1.2448018e+06   1.0044925e+08
 1.2448018e+06   1.0044925e+08
 1.2448018e+06   1.0044925e+08
 1.2448018e+06   1.0044925e+08
 1.2450077e+06   1.0042440e+08
 1.2450077e+06   1.0042440e+08
 1.2450077e+06   1.0042440e+08
 1.2450077e+06   1.0042440e+08
 1.2452119e+06   1.0039916e+08
 1.2452119e+06   1.0039916e+08
 1.2452119e+06   1.0039916e+08
 1.2452119e+06   1.0039916e+08
 1.2454093e+06   1.0037415e+08
 1.2454093e+06   1.0037415e+08
 1.2454093e+06   1.0037415e+08
 1.2454093e+06   1.0037415e+08
 1.2456068e+06   1.0034851e+08
 1.2456068e+06   1.0034851e+08
 1.2456068e+06   1.0034851e+08
 1.2456068e+06   1.0034851e+08
 1.2458043e+06   1.0032222e+08
 1.2458043e+06   1.0032222e+08
 1.2458043e+06   1.0032222e+08
 1.2458043e+06   1.0032222e+08
 1.2459956e+06   1.0029614e+08
 1.2459956e+06   1.0029614e+08
 1.2459956e+06   1.0029614e+08
 1.2459956e+06   1.0029614e+08
 1.2461849e+06   1.0026968e+08
 1.2461849e+06   1.0026968e+08
 1.2461849e+06   1.0026968e+08
 1.2461849e+06   1.0026968e+08
 1.2463742e+06   1.0024255e+08
 1.2463742e+06   1.0024255e+08
 1.2463742e+06   1.0024255e+08
 1.2463742e+06   1.0024255e+08
 1.2465610e+06   1.0021511e+08
 1.2465610e+06   1.0021511e+08
 1.2465610e+06   1.0021511e+08
 1.2465610e+06   1.0021511e+08
 1.2467425e+06   1.0018779e+08
 1.2467425e+06   1.0018779e+08
 1.2467425e+06   1.0018779e+08
 1.2467425e+06   1.0018779e+08
 1.2469240e+06   1.0015978e+08
 1.2469240e+06   1.0015978e+08
 1.2469240e+06   1.0015978e+08
 1.2469240e+06   1.0015978e+08
 1.2471055e+06   1.0013107e+08
 1.2471055e+06   1.0013107e+08
 1.2471055e+06   1.0013107e+08
 1.2471055e+06   1.0013107e+08
 1.2472803e+06   1.0010272e+08
 1.2472803e+06   1.0010272e+08
 1.2472803e+06   1.0010272e+08
 1.2472803e+06   1.0010272e+08
 1.2474542e+06   1.0007381e+08
 1.2474542e+06   1.0007381e+08
 1.2474542e+06   1.0007381e+08
 1.2474542e+06   1.0007381e+08
 1.2476282e+06   1.0004416e+08
 1.2476282e+06   1.0004416e+08
 1.2476282e+06   1.0004416e+08
 1.2476282e+06   1.0004416e+08
 1.2477989e+06   1.0001434e+08
 1.2477989e+06   1.0001434e+08
 1.2477989e+06   1.0001434e+08
 1.2477989e+06   1.0001434e+08
 1.2479656e+06   9.9984486e+07
 1.2479656e+06   9.9984486e+07
 1.2479656e+06   9.9984486e+07
 1.2479656e+06   9.9984486e+07
 1.2481322e+06   9.9953880e+07
 1.2481322e+06   9.9953880e+07
 1.2481322e+06   9.9953880e+07
 1.2481322e+06   9.9953880e+07
 1.2482989e+06   9.9922508e+07
 1.2482989e+06   9.9922508e+07
 1.2482989e+06   9.9922508e+07
 1.2482989e+06   9.9922508e+07
 1.2484585e+06   9.9891690e+07
 1.2484585e+06   9.9891690e+07
 1.2484585e+06   9.9891690e+07
 1.2484585e+06   9.9891690e+07
 1.2486182e+06   9.9860090e+07
 1.2486182e+06   9.9860090e+07
 1.2486182e+06   9.9860090e+07
 1.2486182e+06   9.9860090e+07
 1.2487779e+06   9.9827688e+07
 1.2487779e+06   9.9827688e+07
 1.2487779e+06   9.9827688e+07
 1.2487779e+06   9.9827688e+07
 1.2489336e+06   9.9795284e+07
 1.2489336e+06   9.9795284e+07
 1.2489336e+06   9.9795284e+07
 1.2489336e+06   9.9795284e+07
 1.2490866e+06   9.9762660e+07
 1.2490866e+06   9.9762660e+07
 1.2490866e+06   9.9762660e+07
 1.2490866e+06   9.9762660e+07
 1.2492395e+06   9.9729206e+07
 1.2492395e+06   9.9729206e+07
 1.2492395e+06   9.9729206e+07
 1.2492395e+06   9.9729206e+07
 1.2493914e+06   9.9695130e+07
 1.2493914e+06   9.9695130e+07
 1.2493914e+06   9.9695130e+07
 1.2493914e+06   9.9695130e+07
 1.2495379e+06   9.9661450e+07
 1.2495379e+06   9.9661450e+07
 1.2495379e+06   9.9661450e+07
 1.2495379e+06   9.9661450e+07
 1.2496843e+06   9.9626913e+07
 1.2496843e+06   9.9626913e+07
 1.2496843e+06   9.9626913e+07
 1.2496843e+06   9.9626913e+07
 1.2498308e+06   9.9591496e+07
 1.2498308e+06   9.9591496e+07
 1.2498308e+06   9.9591496e+07
 1.2498308e+06   9.9591496e+07
 1.2499727e+06   9.9556325e+07
 1.2499727e+06   9.9556325e+07
 1.2499727e+06   9.9556325e+07
 1.2499727e+06   9.9556325e+07
 1.2501129e+06   9.9520672e+07
 1.2501129e+06   9.9520672e+07
 1.2501129e+06   9.9520672e+07
 1.2501129e+06   9.9520672e+07
 1.2502531e+06   9.9484110e+07
 1.2502531e+06   9.9484110e+07
 1.2502531e+06   9.9484110e+07
 1.2502531e+06   9.9484110e+07
 1.2503914e+06   9.9447140e+07
 1.2503914e+06   9.9447140e+07
 1.2503914e+06   9.9447140e+07
 1.2503914e+06   9.9447140e+07
 1.2505256e+06   9.9410340e+07
 1.2505256e+06   9.9410340e+07
 1.2505256e+06   9.9410340e+07
 1.2505256e+06   9.9410340e+07
 1.2506599e+06   9.9372600e+07
 1.2506599e+06   9.9372600e+07
 1.2506599e+06   9.9372600e+07
 1.2506599e+06   9.9372600e+07
 1.2507941e+06   9.9333897e+07
 1.2507941e+06   9.9333897e+07
 1.2507941e+06   9.9333897e+07
 1.2507941e+06   9.9333897e+07
 1.2509230e+06   9.9295776e+07
 1.2509230e+06   9.9295776e+07
 1.2509230e+06   9.9295776e+07
 1.2509230e+06   9.9295776e+07
 1.2510515e+06   9.9256826e+07
 1.2510515e+06   9.9256826e+07
 1.2510515e+06   9.9256826e+07
 1.2510515e+06   9.9256826e+07
 1.2511799e+06   9.9216881e+07
 1.2511799e+06   9.9216881e+07
 1.2511799e+06   9.9216881e+07
 1.2511799e+06   9.9216881e+07
