 5.0003194e+03   2.8994142e+08
 2.9725589e+05   2.8995990e+08
 5.0003194e+03   2.8994142e+08
 2.9725589e+05   2.8995990e+08
 5.0003194e+03   2.8994142e+08
 2.9725589e+05   2.8995990e+08
 5.0003194e+03   2.8994142e+08
 2.9725589e+05   2.8995990e+08
 4.1654790e+05   2.8997231e+08
 4.1654790e+05   2.8997231e+08
 4.1654790e+05   2.8997231e+08
 4.1654790e+05   2.8997231e+08
 5.0542851e+05   2.8998409e+08
 5.0542851e+05   2.8998409e+08
 5.0542851e+05   2.8998409e+08
 5.0542851e+05   2.8998409e+08
 5.7806320e+05   2.8999539e+08
 5.7806320e+05   2.8999539e+08
 5.7806320e+05   2.8999539e+08
 5.7806320e+05   2.8999539e+08
 6.3979527e+05   2.9000624e+08
 6.3979527e+05   2.9000624e+08
 6.3979527e+05   2.9000624e+08
 6.3979527e+05   2.9000624e+08
 6.9362747e+05   2.9001670e+08
 6.9362747e+05   2.9001670e+08
 6.9362747e+05   2.9001670e+08
 6.9362747e+05   2.9001670e+08
 7.4132022e+05   2.9002685e+08
 7.4132022e+05   2.9002685e+08
 7.4132022e+05   2.9002685e+08
 7.4132022e+05   2.9002685e+08
 7.8375600e+05   2.9003668e+08
 7.8375600e+05   2.9003668e+08
 7.8375600e+05   2.9003668e+08
 7.8375600e+05   2.9003668e+08
 8.2193599e+05   2.9004629e+08
 8.2193599e+05   2.9004629e+08
 8.2193599e+05   2.9004629e+08
 8.2193599e+05   2.9004629e+08
 8.5646588e+05   2.9005574e+08
 8.5646588e+05   2.9005574e+08
 8.5646588e+05   2.9005574e+08
 8.5646588e+05   2.9005574e+08
 8.8756463e+05   2.9006501e+08
 8.8756463e+05   2.9006501e+08
 8.8756463e+05   2.9006501e+08
 8.8756463e+05   2.9006501e+08
 9.1575303e+05   2.9007419e+08
 9.1575303e+05   2.9007419e+08
 9.1575303e+05   2.9007419e+08
 9.1575303e+05   2.9007419e+08
 9.4133074e+05   2.9008331e+08
 9.4133074e+05   2.9008331e+08
 9.4133074e+05   2.9008331e+08
 9.4133074e+05   2.9008331e+08
 9.6452678e+05   2.9009242e+08
 9.6452678e+05   2.9009242e+08
 9.6452678e+05   2.9009242e+08
 9.6452678e+05   2.9009242e+08
 9.8554337e+05   2.9010153e+08
 9.8554337e+05   2.9010153e+08
 9.8554337e+05   2.9010153e+08
 9.8554337e+05   2.9010153e+08
 1.0044896e+06   2.9011062e+08
 1.0044896e+06   2.9011062e+08
 1.0044896e+06   2.9011062e+08
 1.0044896e+06   2.9011062e+08
 1.0216191e+06   2.9011972e+08
 1.0216191e+06   2.9011972e+08
 1.0216191e+06   2.9011972e+08
 1.0216191e+06   2.9011972e+08
 1.0370807e+06   2.9012885e+08
 1.0370807e+06   2.9012885e+08
 1.0370807e+06   2.9012885e+08
 1.0370807e+06   2.9012885e+08
 1.0510122e+06   2.9013799e+08
 1.0510122e+06   2.9013799e+08
 1.0510122e+06   2.9013799e+08
 1.0510122e+06   2.9013799e+08
 1.0635798e+06   2.9014714e+08
 1.0635798e+06   2.9014714e+08
 1.0635798e+06   2.9014714e+08
 1.0635798e+06   2.9014714e+08
 1.0748243e+06   2.9015623e+08
 1.0748243e+06   2.9015623e+08
 1.0748243e+06   2.9015623e+08
 1.0748243e+06   2.9015623e+08
 1.0849056e+06   2.9016525e+08
 1.0849056e+06   2.9016525e+08
 1.0849056e+06   2.9016525e+08
 1.0849056e+06   2.9016525e+08
 1.0939324e+06   2.9017416e+08
 1.0939324e+06   2.9017416e+08
 1.0939324e+06   2.9017416e+08
 1.0939324e+06   2.9017416e+08
 1.1020088e+06   2.9018295e+08
 1.1020088e+06   2.9018295e+08
 1.1020088e+06   2.9018295e+08
 1.1020088e+06   2.9018295e+08
 1.1092305e+06   2.9019150e+08
 1.1092305e+06   2.9019150e+08
 1.1092305e+06   2.9019150e+08
 1.1092305e+06   2.9019150e+08
 1.1156888e+06   2.9020068e+08
 1.1156888e+06   2.9020068e+08
 1.1156888e+06   2.9020068e+08
 1.1156888e+06   2.9020068e+08
 1.1214679e+06   2.9020984e+08
 1.1214679e+06   2.9020984e+08
 1.1214679e+06   2.9020984e+08
 1.1214679e+06   2.9020984e+08
 1.1266464e+06   2.9021846e+08
 1.1266464e+06   2.9021846e+08
 1.1266464e+06   2.9021846e+08
 1.1266464e+06   2.9021846e+08
 1.1312958e+06   2.9022662e+08
 1.1312958e+06   2.9022662e+08
 1.1312958e+06   2.9022662e+08
 1.1312958e+06   2.9022662e+08
 1.1354835e+06   2.9023439e+08
 1.1354835e+06   2.9023439e+08
 1.1354835e+06   2.9023439e+08
 1.1354835e+06   2.9023439e+08
 1.1392663e+06   2.9024183e+08
 1.1392663e+06   2.9024183e+08
 1.1392663e+06   2.9024183e+08
 1.1392663e+06   2.9024183e+08
 1.1426910e+06   2.9024899e+08
 1.1426910e+06   2.9024899e+08
 1.1426910e+06   2.9024899e+08
 1.1426910e+06   2.9024899e+08
 1.1457852e+06   2.9025586e+08
 1.1457852e+06   2.9025586e+08
 1.1457852e+06   2.9025586e+08
 1.1457852e+06   2.9025586e+08
 1.1485492e+06   2.9026240e+08
 1.1485492e+06   2.9026240e+08
 1.1485492e+06   2.9026240e+08
 1.1485492e+06   2.9026240e+08
 1.1509533e+06   2.9026846e+08
 1.1509533e+06   2.9026846e+08
 1.1509533e+06   2.9026846e+08
 1.1509533e+06   2.9026846e+08
 1.1529554e+06   2.9035144e+08
 1.1529554e+06   2.9035144e+08
 1.1529554e+06   2.9035144e+08
 1.1529554e+06   2.9035144e+08
 1.1545487e+06   2.9041656e+08
 1.1545487e+06   2.9041656e+08
 1.1545487e+06   2.9041656e+08
 1.1545487e+06   2.9041656e+08
 1.1557993e+06   2.9046770e+08
 1.1557993e+06   2.9046770e+08
 1.1557993e+06   2.9046770e+08
 1.1557993e+06   2.9046770e+08
 1.1568239e+06   2.9051010e+08
 1.1568239e+06   2.9051010e+08
 1.1568239e+06   2.9051010e+08
 1.1568239e+06   2.9051010e+08
 1.1577327e+06   2.9054858e+08
 1.1577327e+06   2.9054858e+08
 1.1577327e+06   2.9054858e+08
 1.1577327e+06   2.9054858e+08
 1.1585946e+06   2.9058653e+08
 1.1585946e+06   2.9058653e+08
 1.1585946e+06   2.9058653e+08
 1.1585946e+06   2.9058653e+08
 1.1594392e+06   2.9062523e+08
 1.1594392e+06   2.9062523e+08
 1.1594392e+06   2.9062523e+08
 1.1594392e+06   2.9062523e+08
 1.1602731e+06   2.9066496e+08
 1.1602731e+06   2.9066496e+08
 1.1602731e+06   2.9066496e+08
 1.1602731e+06   2.9066496e+08
 1.1610938e+06   2.9070558e+08
 1.1610938e+06   2.9070558e+08
 1.1610938e+06   2.9070558e+08
 1.1610938e+06   2.9070558e+08
 1.1618896e+06   2.9074647e+08
 1.1618896e+06   2.9074647e+08
 1.1618896e+06   2.9074647e+08
 1.1618896e+06   2.9074647e+08
 1.1626717e+06   2.9078818e+08
 1.1626717e+06   2.9078818e+08
 1.1626717e+06   2.9078818e+08
 1.1626717e+06   2.9078818e+08
 1.1634310e+06   2.9083019e+08
 1.1634310e+06   2.9083019e+08
 1.1634310e+06   2.9083019e+08
 1.1634310e+06   2.9083019e+08
 1.1641686e+06   2.9087252e+08
 1.1641686e+06   2.9087252e+08
 1.1641686e+06   2.9087252e+08
 1.1641686e+06   2.9087252e+08
 1.1648842e+06   2.9091512e+08
 1.1648842e+06   2.9091512e+08
 1.1648842e+06   2.9091512e+08
 1.1648842e+06   2.9091512e+08
 1.1655780e+06   2.9095795e+08
 1.1655780e+06   2.9095795e+08
 1.1655780e+06   2.9095795e+08
 1.1655780e+06   2.9095795e+08
 1.1662559e+06   2.9100133e+08
 1.1662559e+06   2.9100133e+08
 1.1662559e+06   2.9100133e+08
 1.1662559e+06   2.9100133e+08
 1.1669115e+06   2.9104482e+08
 1.1669115e+06   2.9104482e+08
 1.1669115e+06   2.9104482e+08
 1.1669115e+06   2.9104482e+08
 1.1675594e+06   2.9108935e+08
 1.1675594e+06   2.9108935e+08
 1.1675594e+06   2.9108935e+08
 1.1675594e+06   2.9108935e+08
 1.1681846e+06   2.9113386e+08
 1.1681846e+06   2.9113386e+08
 1.1681846e+06   2.9113386e+08
 1.1681846e+06   2.9113386e+08
 1.1688093e+06   2.9117990e+08
 1.1688093e+06   2.9117990e+08
 1.1688093e+06   2.9117990e+08
 1.1688093e+06   2.9117990e+08
 1.1694120e+06   2.9122585e+08
 1.1694120e+06   2.9122585e+08
 1.1694120e+06   2.9122585e+08
 1.1694120e+06   2.9122585e+08
 1.1700150e+06   2.9127338e+08
 1.1700150e+06   2.9127338e+08
 1.1700150e+06   2.9127338e+08
 1.1700150e+06   2.9127338e+08
 1.1706060e+06   2.9132151e+08
 1.1706060e+06   2.9132151e+08
 1.1706060e+06   2.9132151e+08
 1.1706060e+06   2.9132151e+08
 1.1711934e+06   2.9137089e+08
 1.1711934e+06   2.9137089e+08
 1.1711934e+06   2.9137089e+08
 1.1711934e+06   2.9137089e+08
 1.1717764e+06   2.9142143e+08
 1.1717764e+06   2.9142143e+08
 1.1717764e+06   2.9142143e+08
 1.1717764e+06   2.9142143e+08
 1.1723539e+06   2.9147302e+08
 1.1723539e+06   2.9147302e+08
 1.1723539e+06   2.9147302e+08
 1.1723539e+06   2.9147302e+08
 1.1729308e+06   2.9152607e+08
 1.1729308e+06   2.9152607e+08
 1.1729308e+06   2.9152607e+08
 1.1729308e+06   2.9152607e+08
 1.1735024e+06   2.9158012e+08
 1.1735024e+06   2.9158012e+08
 1.1735024e+06   2.9158012e+08
 1.1735024e+06   2.9158012e+08
 1.1740744e+06   2.9163566e+08
 1.1740744e+06   2.9163566e+08
 1.1740744e+06   2.9163566e+08
 1.1740744e+06   2.9163566e+08
 1.1746432e+06   2.9169233e+08
 1.1746432e+06   2.9169233e+08
 1.1746432e+06   2.9169233e+08
 1.1746432e+06   2.9169233e+08
 1.1752118e+06   2.9175035e+08
 1.1752118e+06   2.9175035e+08
 1.1752118e+06   2.9175035e+08
 1.1752118e+06   2.9175035e+08
 1.1757792e+06   2.9180962e+08
 1.1757792e+06   2.9180962e+08
 1.1757792e+06   2.9180962e+08
 1.1757792e+06   2.9180962e+08
 1.1763458e+06   2.9187007e+08
 1.1763458e+06   2.9187007e+08
 1.1763458e+06   2.9187007e+08
 1.1763458e+06   2.9187007e+08
 1.1769119e+06   2.9193175e+08
 1.1769119e+06   2.9193175e+08
 1.1769119e+06   2.9193175e+08
 1.1769119e+06   2.9193175e+08
 1.1774769e+06   2.9199445e+08
 1.1774769e+06   2.9199445e+08
 1.1774769e+06   2.9199445e+08
 1.1774769e+06   2.9199445e+08
 1.1780420e+06   2.9205829e+08
 1.1780420e+06   2.9205829e+08
 1.1780420e+06   2.9205829e+08
 1.1780420e+06   2.9205829e+08
 1.1786051e+06   2.9212294e+08
 1.1786051e+06   2.9212294e+08
 1.1786051e+06   2.9212294e+08
 1.1786051e+06   2.9212294e+08
 1.1791685e+06   2.9218857e+08
 1.1791685e+06   2.9218857e+08
 1.1791685e+06   2.9218857e+08
 1.1791685e+06   2.9218857e+08
 1.1797297e+06   2.9225480e+08
 1.1797297e+06   2.9225480e+08
 1.1797297e+06   2.9225480e+08
 1.1797297e+06   2.9225480e+08
 1.1802906e+06   2.9232177e+08
 1.1802906e+06   2.9232177e+08
 1.1802906e+06   2.9232177e+08
 1.1802906e+06   2.9232177e+08
 1.1808491e+06   2.9238915e+08
 1.1808491e+06   2.9238915e+08
 1.1808491e+06   2.9238915e+08
 1.1808491e+06   2.9238915e+08
 1.1814067e+06   2.9245697e+08
 1.1814067e+06   2.9245697e+08
 1.1814067e+06   2.9245697e+08
 1.1814067e+06   2.9245697e+08
 1.1819618e+06   2.9252499e+08
 1.1819618e+06   2.9252499e+08
 1.1819618e+06   2.9252499e+08
 1.1819618e+06   2.9252499e+08
 1.1825149e+06   2.9259311e+08
 1.1825149e+06   2.9259311e+08
 1.1825149e+06   2.9259311e+08
 1.1825149e+06   2.9259311e+08
 1.1830657e+06   2.9266123e+08
 1.1830657e+06   2.9266123e+08
 1.1830657e+06   2.9266123e+08
 1.1830657e+06   2.9266123e+08
 1.1836131e+06   2.9272908e+08
 1.1836131e+06   2.9272908e+08
 1.1836131e+06   2.9272908e+08
 1.1836131e+06   2.9272908e+08
 1.1841586e+06   2.9279674e+08
 1.1841586e+06   2.9279674e+08
 1.1841586e+06   2.9279674e+08
 1.1841586e+06   2.9279674e+08
 1.1846993e+06   2.9286375e+08
 1.1846993e+06   2.9286375e+08
 1.1846993e+06   2.9286375e+08
 1.1846993e+06   2.9286375e+08
 1.1852383e+06   2.9293039e+08
 1.1852383e+06   2.9293039e+08
 1.1852383e+06   2.9293039e+08
 1.1852383e+06   2.9293039e+08
 1.1857713e+06   2.9299600e+08
 1.1857713e+06   2.9299600e+08
 1.1857713e+06   2.9299600e+08
 1.1857713e+06   2.9299600e+08
 1.1863028e+06   2.9306105e+08
 1.1863028e+06   2.9306105e+08
 1.1863028e+06   2.9306105e+08
 1.1863028e+06   2.9306105e+08
 1.1868270e+06   2.9312474e+08
 1.1868270e+06   2.9312474e+08
 1.1868270e+06   2.9312474e+08
 1.1868270e+06   2.9312474e+08
 1.1873500e+06   2.9318770e+08
 1.1873500e+06   2.9318770e+08
 1.1873500e+06   2.9318770e+08
 1.1873500e+06   2.9318770e+08
 1.1878646e+06   2.9324899e+08
 1.1878646e+06   2.9324899e+08
 1.1878646e+06   2.9324899e+08
 1.1878646e+06   2.9324899e+08
 1.1883779e+06   2.9330938e+08
 1.1883779e+06   2.9330938e+08
 1.1883779e+06   2.9330938e+08
 1.1883779e+06   2.9330938e+08
 1.1888821e+06   2.9336784e+08
 1.1888821e+06   2.9336784e+08
 1.1888821e+06   2.9336784e+08
 1.1888821e+06   2.9336784e+08
 1.1893850e+06   2.9342525e+08
 1.1893850e+06   2.9342525e+08
 1.1893850e+06   2.9342525e+08
 1.1893850e+06   2.9342525e+08
 1.1898779e+06   2.9348052e+08
 1.1898779e+06   2.9348052e+08
 1.1898779e+06   2.9348052e+08
 1.1898779e+06   2.9348052e+08
 1.1903696e+06   2.9353458e+08
 1.1903696e+06   2.9353458e+08
 1.1903696e+06   2.9353458e+08
 1.1903696e+06   2.9353458e+08
 1.1908508e+06   2.9358638e+08
 1.1908508e+06   2.9358638e+08
 1.1908508e+06   2.9358638e+08
 1.1908508e+06   2.9358638e+08
 1.1913305e+06   2.9363692e+08
 1.1913305e+06   2.9363692e+08
 1.1913305e+06   2.9363692e+08
 1.1913305e+06   2.9363692e+08
 1.1917993e+06   2.9368518e+08
 1.1917993e+06   2.9368518e+08
 1.1917993e+06   2.9368518e+08
 1.1917993e+06   2.9368518e+08
 1.1922666e+06   2.9373212e+08
 1.1922666e+06   2.9373212e+08
 1.1922666e+06   2.9373212e+08
 1.1922666e+06   2.9373212e+08
 1.1927226e+06   2.9377672e+08
 1.1927226e+06   2.9377672e+08
 1.1927226e+06   2.9377672e+08
 1.1927226e+06   2.9377672e+08
 1.1931769e+06   2.9381993e+08
 1.1931769e+06   2.9381993e+08
 1.1931769e+06   2.9381993e+08
 1.1931769e+06   2.9381993e+08
 1.1936197e+06   2.9386078e+08
 1.1936197e+06   2.9386078e+08
 1.1936197e+06   2.9386078e+08
 1.1936197e+06   2.9386078e+08
 1.1940608e+06   2.9390018e+08
 1.1940608e+06   2.9390018e+08
 1.1940608e+06   2.9390018e+08
 1.1940608e+06   2.9390018e+08
 1.1944901e+06   2.9393722e+08
 1.1944901e+06   2.9393722e+08
 1.1944901e+06   2.9393722e+08
 1.1944901e+06   2.9393722e+08
 1.1949177e+06   2.9397279e+08
 1.1949177e+06   2.9397279e+08
 1.1949177e+06   2.9397279e+08
 1.1949177e+06   2.9397279e+08
 1.1953332e+06   2.9400603e+08
 1.1953332e+06   2.9400603e+08
 1.1953332e+06   2.9400603e+08
 1.1953332e+06   2.9400603e+08
 1.1957473e+06   2.9403780e+08
 1.1957473e+06   2.9403780e+08
 1.1957473e+06   2.9403780e+08
 1.1957473e+06   2.9403780e+08
 1.1961489e+06   2.9406735e+08
 1.1961489e+06   2.9406735e+08
 1.1961489e+06   2.9406735e+08
 1.1961489e+06   2.9406735e+08
 1.1965495e+06   2.9409556e+08
 1.1965495e+06   2.9409556e+08
 1.1965495e+06   2.9409556e+08
 1.1965495e+06   2.9409556e+08
 1.1969370e+06   2.9412155e+08
 1.1969370e+06   2.9412155e+08
 1.1969370e+06   2.9412155e+08
 1.1969370e+06   2.9412155e+08
 1.1973242e+06   2.9414617e+08
 1.1973242e+06   2.9414617e+08
 1.1973242e+06   2.9414617e+08
 1.1973242e+06   2.9414617e+08
 1.1976976e+06   2.9416859e+08
 1.1976976e+06   2.9416859e+08
 1.1976976e+06   2.9416859e+08
 1.1976976e+06   2.9416859e+08
 1.1980710e+06   2.9418969e+08
 1.1980710e+06   2.9418969e+08
 1.1980710e+06   2.9418969e+08
 1.1980710e+06   2.9418969e+08
 1.1984309e+06   2.9420874e+08
 1.1984309e+06   2.9420874e+08
 1.1984309e+06   2.9420874e+08
 1.1984309e+06   2.9420874e+08
 1.1987901e+06   2.9422647e+08
 1.1987901e+06   2.9422647e+08
 1.1987901e+06   2.9422647e+08
 1.1987901e+06   2.9422647e+08
 1.1991374e+06   2.9424236e+08
 1.1991374e+06   2.9424236e+08
 1.1991374e+06   2.9424236e+08
 1.1991374e+06   2.9424236e+08
 1.1994825e+06   2.9425690e+08
 1.1994825e+06   2.9425690e+08
 1.1994825e+06   2.9425690e+08
 1.1994825e+06   2.9425690e+08
 1.1998178e+06   2.9426988e+08
 1.1998178e+06   2.9426988e+08
 1.1998178e+06   2.9426988e+08
 1.1998178e+06   2.9426988e+08
 1.2001486e+06   2.9428171e+08
 1.2001486e+06   2.9428171e+08
 1.2001486e+06   2.9428171e+08
 1.2001486e+06   2.9428171e+08
 1.2004727e+06   2.9429227e+08
 1.2004727e+06   2.9429227e+08
 1.2004727e+06   2.9429227e+08
 1.2004727e+06   2.9429227e+08
 1.2007895e+06   2.9430142e+08
 1.2007895e+06   2.9430142e+08
 1.2007895e+06   2.9430142e+08
 1.2007895e+06   2.9430142e+08
 1.2011032e+06   2.9430930e+08
 1.2011032e+06   2.9430930e+08
 1.2011032e+06   2.9430930e+08
 1.2011032e+06   2.9430930e+08
 1.2014061e+06   2.9431579e+08
 1.2014061e+06   2.9431579e+08
 1.2014061e+06   2.9431579e+08
 1.2014061e+06   2.9431579e+08
 1.2017091e+06   2.9432117e+08
 1.2017091e+06   2.9432117e+08
 1.2017091e+06   2.9432117e+08
 1.2017091e+06   2.9432117e+08
 1.2019996e+06   2.9432525e+08
 1.2019996e+06   2.9432525e+08
 1.2019996e+06   2.9432525e+08
 1.2019996e+06   2.9432525e+08
 1.2022889e+06   2.9432828e+08
 1.2022889e+06   2.9432828e+08
 1.2022889e+06   2.9432828e+08
 1.2022889e+06   2.9432828e+08
 1.2025714e+06   2.9433021e+08
 1.2025714e+06   2.9433021e+08
 1.2025714e+06   2.9433021e+08
 1.2025714e+06   2.9433021e+08
 1.2028473e+06   2.9433112e+08
 1.2028473e+06   2.9433112e+08
 1.2028473e+06   2.9433112e+08
 1.2028473e+06   2.9433112e+08
 1.2031232e+06   2.9433105e+08
 1.2031232e+06   2.9433105e+08
 1.2031232e+06   2.9433105e+08
 1.2031232e+06   2.9433105e+08
 1.2033860e+06   2.9433007e+08
 1.2033860e+06   2.9433007e+08
 1.2033860e+06   2.9433007e+08
 1.2033860e+06   2.9433007e+08
 1.2036489e+06   2.9432818e+08
 1.2036489e+06   2.9432818e+08
 1.2036489e+06   2.9432818e+08
 1.2036489e+06   2.9432818e+08
 1.2039069e+06   2.9432545e+08
 1.2039069e+06   2.9432545e+08
 1.2039069e+06   2.9432545e+08
 1.2039069e+06   2.9432545e+08
 1.2041570e+06   2.9432196e+08
 1.2041570e+06   2.9432196e+08
 1.2041570e+06   2.9432196e+08
 1.2041570e+06   2.9432196e+08
 1.2044073e+06   2.9431763e+08
 1.2044073e+06   2.9431763e+08
 1.2044073e+06   2.9431763e+08
 1.2044073e+06   2.9431763e+08
 1.2046497e+06   2.9431265e+08
 1.2046497e+06   2.9431265e+08
 1.2046497e+06   2.9431265e+08
 1.2046497e+06   2.9431265e+08
 1.2048877e+06   2.9430698e+08
 1.2048877e+06   2.9430698e+08
 1.2048877e+06   2.9430698e+08
 1.2048877e+06   2.9430698e+08
 1.2051257e+06   2.9430056e+08
 1.2051257e+06   2.9430056e+08
 1.2051257e+06   2.9430056e+08
 1.2051257e+06   2.9430056e+08
 1.2053553e+06   2.9429364e+08
 1.2053553e+06   2.9429364e+08
 1.2053553e+06   2.9429364e+08
 1.2053553e+06   2.9429364e+08
 1.2055815e+06   2.9428612e+08
 1.2055815e+06   2.9428612e+08
 1.2055815e+06   2.9428612e+08
 1.2055815e+06   2.9428612e+08
 1.2058078e+06   2.9427791e+08
 1.2058078e+06   2.9427791e+08
 1.2058078e+06   2.9427791e+08
 1.2058078e+06   2.9427791e+08
 1.2060275e+06   2.9426927e+08
 1.2060275e+06   2.9426927e+08
 1.2060275e+06   2.9426927e+08
 1.2060275e+06   2.9426927e+08
 1.2062425e+06   2.9426019e+08
 1.2062425e+06   2.9426019e+08
 1.2062425e+06   2.9426019e+08
 1.2062425e+06   2.9426019e+08
 1.2064575e+06   2.9425048e+08
 1.2064575e+06   2.9425048e+08
 1.2064575e+06   2.9425048e+08
 1.2064575e+06   2.9425048e+08
 1.2066704e+06   2.9424025e+08
 1.2066704e+06   2.9424025e+08
 1.2066704e+06   2.9424025e+08
 1.2066704e+06   2.9424025e+08
 1.2068745e+06   2.9422988e+08
 1.2068745e+06   2.9422988e+08
 1.2068745e+06   2.9422988e+08
 1.2068745e+06   2.9422988e+08
 1.2070785e+06   2.9421895e+08
 1.2070785e+06   2.9421895e+08
 1.2070785e+06   2.9421895e+08
 1.2070785e+06   2.9421895e+08
 1.2072826e+06   2.9420746e+08
 1.2072826e+06   2.9420746e+08
 1.2072826e+06   2.9420746e+08
 1.2072826e+06   2.9420746e+08
 1.2074815e+06   2.9419572e+08
 1.2074815e+06   2.9419572e+08
 1.2074815e+06   2.9419572e+08
 1.2074815e+06   2.9419572e+08
 1.2076743e+06   2.9418385e+08
 1.2076743e+06   2.9418385e+08
 1.2076743e+06   2.9418385e+08
 1.2076743e+06   2.9418385e+08
 1.2078671e+06   2.9417149e+08
 1.2078671e+06   2.9417149e+08
 1.2078671e+06   2.9417149e+08
 1.2078671e+06   2.9417149e+08
 1.2080600e+06   2.9415865e+08
 1.2080600e+06   2.9415865e+08
 1.2080600e+06   2.9415865e+08
 1.2080600e+06   2.9415865e+08
 1.2082494e+06   2.9414556e+08
 1.2082494e+06   2.9414556e+08
 1.2082494e+06   2.9414556e+08
 1.2082494e+06   2.9414556e+08
 1.2084301e+06   2.9413265e+08
 1.2084301e+06   2.9413265e+08
 1.2084301e+06   2.9413265e+08
 1.2084301e+06   2.9413265e+08
 1.2086108e+06   2.9411932e+08
 1.2086108e+06   2.9411932e+08
 1.2086108e+06   2.9411932e+08
 1.2086108e+06   2.9411932e+08
 1.2087915e+06   2.9410559e+08
 1.2087915e+06   2.9410559e+08
 1.2087915e+06   2.9410559e+08
 1.2087915e+06   2.9410559e+08
 1.2089723e+06   2.9409144e+08
 1.2089723e+06   2.9409144e+08
 1.2089723e+06   2.9409144e+08
 1.2089723e+06   2.9409144e+08
 1.2091559e+06   2.9407666e+08
 1.2091559e+06   2.9407666e+08
 1.2091559e+06   2.9407666e+08
 1.2091559e+06   2.9407666e+08
 1.2093434e+06   2.9406117e+08
 1.2093434e+06   2.9406117e+08
 1.2093434e+06   2.9406117e+08
 1.2093434e+06   2.9406117e+08
 1.2095308e+06   2.9404526e+08
 1.2095308e+06   2.9404526e+08
 1.2095308e+06   2.9404526e+08
 1.2095308e+06   2.9404526e+08
 1.2097183e+06   2.9402896e+08
 1.2097183e+06   2.9402896e+08
 1.2097183e+06   2.9402896e+08
 1.2097183e+06   2.9402896e+08
 1.2099058e+06   2.9401225e+08
 1.2099058e+06   2.9401225e+08
 1.2099058e+06   2.9401225e+08
 1.2099058e+06   2.9401225e+08
 1.2101110e+06   2.9399352e+08
 1.2101110e+06   2.9399352e+08
 1.2101110e+06   2.9399352e+08
 1.2101110e+06   2.9399352e+08
 1.2103899e+06   2.9396739e+08
 1.2103899e+06   2.9396739e+08
 1.2103899e+06   2.9396739e+08
 1.2103899e+06   2.9396739e+08
 1.2106688e+06   2.9394049e+08
 1.2106688e+06   2.9394049e+08
 1.2106688e+06   2.9394049e+08
 1.2106688e+06   2.9394049e+08
 1.2109478e+06   2.9391285e+08
 1.2109478e+06   2.9391285e+08
 1.2109478e+06   2.9391285e+08
 1.2109478e+06   2.9391285e+08
 1.2112686e+06   2.9388040e+08
 1.2112686e+06   2.9388040e+08
 1.2112686e+06   2.9388040e+08
 1.2112686e+06   2.9388040e+08
 1.2116708e+06   2.9384070e+08
 1.2116708e+06   2.9384070e+08
 1.2116708e+06   2.9384070e+08
 1.2116708e+06   2.9384070e+08
 1.2120730e+06   2.9380275e+08
 1.2120730e+06   2.9380275e+08
 1.2120730e+06   2.9380275e+08
 1.2120730e+06   2.9380275e+08
 1.2125155e+06   2.9376235e+08
 1.2125155e+06   2.9376235e+08
 1.2125155e+06   2.9376235e+08
 1.2125155e+06   2.9376235e+08
 1.2129857e+06   2.9371837e+08
 1.2129857e+06   2.9371837e+08
 1.2129857e+06   2.9371837e+08
 1.2129857e+06   2.9371837e+08
 1.2134612e+06   2.9367255e+08
 1.2134612e+06   2.9367255e+08
 1.2134612e+06   2.9367255e+08
 1.2134612e+06   2.9367255e+08
 1.2139522e+06   2.9362383e+08
 1.2139522e+06   2.9362383e+08
 1.2139522e+06   2.9362383e+08
 1.2139522e+06   2.9362383e+08
 1.2144432e+06   2.9357367e+08
 1.2144432e+06   2.9357367e+08
 1.2144432e+06   2.9357367e+08
 1.2144432e+06   2.9357367e+08
 1.2149308e+06   2.9352238e+08
 1.2149308e+06   2.9352238e+08
 1.2149308e+06   2.9352238e+08
 1.2149308e+06   2.9352238e+08
 1.2154186e+06   2.9346958e+08
 1.2154186e+06   2.9346958e+08
 1.2154186e+06   2.9346958e+08
 1.2154186e+06   2.9346958e+08
 1.2158958e+06   2.9341643e+08
 1.2158958e+06   2.9341643e+08
 1.2158958e+06   2.9341643e+08
 1.2158958e+06   2.9341643e+08
 1.2163714e+06   2.9336192e+08
 1.2163714e+06   2.9336192e+08
 1.2163714e+06   2.9336192e+08
 1.2163714e+06   2.9336192e+08
 1.2168383e+06   2.9330689e+08
 1.2168383e+06   2.9330689e+08
 1.2168383e+06   2.9330689e+08
 1.2168383e+06   2.9330689e+08
 1.2173009e+06   2.9325082e+08
 1.2173009e+06   2.9325082e+08
 1.2173009e+06   2.9325082e+08
 1.2173009e+06   2.9325082e+08
 1.2177585e+06   2.9319380e+08
 1.2177585e+06   2.9319380e+08
 1.2177585e+06   2.9319380e+08
 1.2177585e+06   2.9319380e+08
 1.2182100e+06   2.9313597e+08
 1.2182100e+06   2.9313597e+08
 1.2182100e+06   2.9313597e+08
 1.2182100e+06   2.9313597e+08
 1.2186597e+06   2.9307677e+08
 1.2186597e+06   2.9307677e+08
 1.2186597e+06   2.9307677e+08
 1.2186597e+06   2.9307677e+08
 1.2191024e+06   2.9301688e+08
 1.2191024e+06   2.9301688e+08
 1.2191024e+06   2.9301688e+08
 1.2191024e+06   2.9301688e+08
 1.2195452e+06   2.9295532e+08
 1.2195452e+06   2.9295532e+08
 1.2195452e+06   2.9295532e+08
 1.2195452e+06   2.9295532e+08
 1.2199812e+06   2.9289306e+08
 1.2199812e+06   2.9289306e+08
 1.2199812e+06   2.9289306e+08
 1.2199812e+06   2.9289306e+08
 1.2204171e+06   2.9282912e+08
 1.2204171e+06   2.9282912e+08
 1.2204171e+06   2.9282912e+08
 1.2204171e+06   2.9282912e+08
 1.2208487e+06   2.9276411e+08
 1.2208487e+06   2.9276411e+08
 1.2208487e+06   2.9276411e+08
 1.2208487e+06   2.9276411e+08
 1.2212788e+06   2.9269757e+08
 1.2212788e+06   2.9269757e+08
 1.2212788e+06   2.9269757e+08
 1.2212788e+06   2.9269757e+08
 1.2217064e+06   2.9262966e+08
 1.2217064e+06   2.9262966e+08
 1.2217064e+06   2.9262966e+08
 1.2217064e+06   2.9262966e+08
 1.2221313e+06   2.9256037e+08
 1.2221313e+06   2.9256037e+08
 1.2221313e+06   2.9256037e+08
 1.2221313e+06   2.9256037e+08
 1.2225549e+06   2.9248946e+08
 1.2225549e+06   2.9248946e+08
 1.2225549e+06   2.9248946e+08
 1.2225549e+06   2.9248946e+08
 1.2229748e+06   2.9241731e+08
 1.2229748e+06   2.9241731e+08
 1.2229748e+06   2.9241731e+08
 1.2229748e+06   2.9241731e+08
 1.2233944e+06   2.9234330e+08
 1.2233944e+06   2.9234330e+08
 1.2233944e+06   2.9234330e+08
 1.2233944e+06   2.9234330e+08
 1.2238091e+06   2.9226824e+08
 1.2238091e+06   2.9226824e+08
 1.2238091e+06   2.9226824e+08
 1.2238091e+06   2.9226824e+08
 1.2242240e+06   2.9219118e+08
 1.2242240e+06   2.9219118e+08
 1.2242240e+06   2.9219118e+08
 1.2242240e+06   2.9219118e+08
 1.2246341e+06   2.9211303e+08
 1.2246341e+06   2.9211303e+08
 1.2246341e+06   2.9211303e+08
 1.2246341e+06   2.9211303e+08
 1.2250436e+06   2.9203297e+08
 1.2250436e+06   2.9203297e+08
 1.2250436e+06   2.9203297e+08
 1.2250436e+06   2.9203297e+08
 1.2254492e+06   2.9195162e+08
 1.2254492e+06   2.9195162e+08
 1.2254492e+06   2.9195162e+08
 1.2254492e+06   2.9195162e+08
 1.2258530e+06   2.9186853e+08
 1.2258530e+06   2.9186853e+08
 1.2258530e+06   2.9186853e+08
 1.2258530e+06   2.9186853e+08
 1.2262538e+06   2.9178395e+08
 1.2262538e+06   2.9178395e+08
 1.2262538e+06   2.9178395e+08
 1.2262538e+06   2.9178395e+08
 1.2266516e+06   2.9169782e+08
 1.2266516e+06   2.9169782e+08
 1.2266516e+06   2.9169782e+08
 1.2266516e+06   2.9169782e+08
 1.2270473e+06   2.9160998e+08
 1.2270473e+06   2.9160998e+08
 1.2270473e+06   2.9160998e+08
 1.2270473e+06   2.9160998e+08
 1.2274388e+06   2.9152083e+08
 1.2274388e+06   2.9152083e+08
 1.2274388e+06   2.9152083e+08
 1.2274388e+06   2.9152083e+08
 1.2278292e+06   2.9142970e+08
 1.2278292e+06   2.9142970e+08
 1.2278292e+06   2.9142970e+08
 1.2278292e+06   2.9142970e+08
 1.2282142e+06   2.9133752e+08
 1.2282142e+06   2.9133752e+08
 1.2282142e+06   2.9133752e+08
 1.2282142e+06   2.9133752e+08
 1.2285989e+06   2.9124309e+08
 1.2285989e+06   2.9124309e+08
 1.2285989e+06   2.9124309e+08
 1.2285989e+06   2.9124309e+08
 1.2289771e+06   2.9114789e+08
 1.2289771e+06   2.9114789e+08
 1.2289771e+06   2.9114789e+08
 1.2289771e+06   2.9114789e+08
 1.2293555e+06   2.9105027e+08
 1.2293555e+06   2.9105027e+08
 1.2293555e+06   2.9105027e+08
 1.2293555e+06   2.9105027e+08
 1.2297273e+06   2.9095192e+08
 1.2297273e+06   2.9095192e+08
 1.2297273e+06   2.9095192e+08
 1.2297273e+06   2.9095192e+08
 1.2300986e+06   2.9085121e+08
 1.2300986e+06   2.9085121e+08
 1.2300986e+06   2.9085121e+08
 1.2300986e+06   2.9085121e+08
 1.2304643e+06   2.9074958e+08
 1.2304643e+06   2.9074958e+08
 1.2304643e+06   2.9074958e+08
 1.2304643e+06   2.9074958e+08
 1.2308286e+06   2.9064579e+08
 1.2308286e+06   2.9064579e+08
 1.2308286e+06   2.9064579e+08
 1.2308286e+06   2.9064579e+08
 1.2311879e+06   2.9054086e+08
 1.2311879e+06   2.9054086e+08
 1.2311879e+06   2.9054086e+08
 1.2311879e+06   2.9054086e+08
 1.2315450e+06   2.9043399e+08
 1.2315450e+06   2.9043399e+08
 1.2315450e+06   2.9043399e+08
 1.2315450e+06   2.9043399e+08
 1.2318979e+06   2.9032574e+08
 1.2318979e+06   2.9032574e+08
 1.2318979e+06   2.9032574e+08
 1.2318979e+06   2.9032574e+08
 1.2322477e+06   2.9021578e+08
 1.2322477e+06   2.9021578e+08
 1.2322477e+06   2.9021578e+08
 1.2322477e+06   2.9021578e+08
 1.2325942e+06   2.9010417e+08
 1.2325942e+06   2.9010417e+08
 1.2325942e+06   2.9010417e+08
 1.2325942e+06   2.9010417e+08
 1.2329367e+06   2.8999111e+08
 1.2329367e+06   2.8999111e+08
 1.2329367e+06   2.8999111e+08
 1.2329367e+06   2.8999111e+08
 1.2332767e+06   2.8987611e+08
 1.2332767e+06   2.8987611e+08
 1.2332767e+06   2.8987611e+08
 1.2332767e+06   2.8987611e+08
 1.2336119e+06   2.8975994e+08
 1.2336119e+06   2.8975994e+08
 1.2336119e+06   2.8975994e+08
 1.2336119e+06   2.8975994e+08
 1.2339453e+06   2.8964154e+08
 1.2339453e+06   2.8964154e+08
 1.2339453e+06   2.8964154e+08
 1.2339453e+06   2.8964154e+08
 1.2342732e+06   2.8952223e+08
 1.2342732e+06   2.8952223e+08
 1.2342732e+06   2.8952223e+08
 1.2342732e+06   2.8952223e+08
 1.2346001e+06   2.8940038e+08
 1.2346001e+06   2.8940038e+08
 1.2346001e+06   2.8940038e+08
 1.2346001e+06   2.8940038e+08
 1.2349208e+06   2.8927793e+08
 1.2349208e+06   2.8927793e+08
 1.2349208e+06   2.8927793e+08
 1.2349208e+06   2.8927793e+08
 1.2352411e+06   2.8915259e+08
 1.2352411e+06   2.8915259e+08
 1.2352411e+06   2.8915259e+08
 1.2352411e+06   2.8915259e+08
 1.2355546e+06   2.8902695e+08
 1.2355546e+06   2.8902695e+08
 1.2355546e+06   2.8902695e+08
 1.2355546e+06   2.8902695e+08
 1.2358681e+06   2.8889822e+08
 1.2358681e+06   2.8889822e+08
 1.2358681e+06   2.8889822e+08
 1.2358681e+06   2.8889822e+08
 1.2361748e+06   2.8876925e+08
 1.2361748e+06   2.8876925e+08
 1.2361748e+06   2.8876925e+08
 1.2361748e+06   2.8876925e+08
 1.2364812e+06   2.8863723e+08
 1.2364812e+06   2.8863723e+08
 1.2364812e+06   2.8863723e+08
 1.2364812e+06   2.8863723e+08
 1.2367814e+06   2.8850473e+08
 1.2367814e+06   2.8850473e+08
 1.2367814e+06   2.8850473e+08
 1.2367814e+06   2.8850473e+08
 1.2370808e+06   2.8836941e+08
 1.2370808e+06   2.8836941e+08
 1.2370808e+06   2.8836941e+08
 1.2370808e+06   2.8836941e+08
 1.2373748e+06   2.8823332e+08
 1.2373748e+06   2.8823332e+08
 1.2373748e+06   2.8823332e+08
 1.2373748e+06   2.8823332e+08
 1.2376672e+06   2.8809465e+08
 1.2376672e+06   2.8809465e+08
 1.2376672e+06   2.8809465e+08
 1.2376672e+06   2.8809465e+08
 1.2379549e+06   2.8795494e+08
 1.2379549e+06   2.8795494e+08
 1.2379549e+06   2.8795494e+08
 1.2379549e+06   2.8795494e+08
 1.2382405e+06   2.8781289e+08
 1.2382405e+06   2.8781289e+08
 1.2382405e+06   2.8781289e+08
 1.2382405e+06   2.8781289e+08
 1.2385220e+06   2.8766948e+08
 1.2385220e+06   2.8766948e+08
 1.2385220e+06   2.8766948e+08
 1.2385220e+06   2.8766948e+08
 1.2388009e+06   2.8752401e+08
 1.2388009e+06   2.8752401e+08
 1.2388009e+06   2.8752401e+08
 1.2388009e+06   2.8752401e+08
 1.2390764e+06   2.8737687e+08
 1.2390764e+06   2.8737687e+08
 1.2390764e+06   2.8737687e+08
 1.2390764e+06   2.8737687e+08
 1.2393486e+06   2.8722792e+08
 1.2393486e+06   2.8722792e+08
 1.2393486e+06   2.8722792e+08
 1.2393486e+06   2.8722792e+08
 1.2396181e+06   2.8707698e+08
 1.2396181e+06   2.8707698e+08
 1.2396181e+06   2.8707698e+08
 1.2396181e+06   2.8707698e+08
 1.2398838e+06   2.8692453e+08
 1.2398838e+06   2.8692453e+08
 1.2398838e+06   2.8692453e+08
 1.2398838e+06   2.8692453e+08
 1.2401474e+06   2.8676974e+08
 1.2401474e+06   2.8676974e+08
 1.2401474e+06   2.8676974e+08
 1.2401474e+06   2.8676974e+08
 1.2404068e+06   2.8661372e+08
 1.2404068e+06   2.8661372e+08
 1.2404068e+06   2.8661372e+08
 1.2404068e+06   2.8661372e+08
 1.2406645e+06   2.8645502e+08
 1.2406645e+06   2.8645502e+08
 1.2406645e+06   2.8645502e+08
 1.2406645e+06   2.8645502e+08
 1.2409177e+06   2.8629540e+08
 1.2409177e+06   2.8629540e+08
 1.2409177e+06   2.8629540e+08
 1.2409177e+06   2.8629540e+08
 1.2411697e+06   2.8613271e+08
 1.2411697e+06   2.8613271e+08
 1.2411697e+06   2.8613271e+08
 1.2411697e+06   2.8613271e+08
 1.2414167e+06   2.8596944e+08
 1.2414167e+06   2.8596944e+08
 1.2414167e+06   2.8596944e+08
 1.2414167e+06   2.8596944e+08
 1.2416631e+06   2.8580271e+08
 1.2416631e+06   2.8580271e+08
 1.2416631e+06   2.8580271e+08
 1.2416631e+06   2.8580271e+08
 1.2419041e+06   2.8563574e+08
 1.2419041e+06   2.8563574e+08
 1.2419041e+06   2.8563574e+08
 1.2419041e+06   2.8563574e+08
 1.2421449e+06   2.8546495e+08
 1.2421449e+06   2.8546495e+08
 1.2421449e+06   2.8546495e+08
 1.2421449e+06   2.8546495e+08
 1.2423781e+06   2.8529563e+08
 1.2423781e+06   2.8529563e+08
 1.2423781e+06   2.8529563e+08
 1.2423781e+06   2.8529563e+08
 1.2426114e+06   2.8512227e+08
 1.2426114e+06   2.8512227e+08
 1.2426114e+06   2.8512227e+08
 1.2426114e+06   2.8512227e+08
 1.2428447e+06   2.8494478e+08
 1.2428447e+06   2.8494478e+08
 1.2428447e+06   2.8494478e+08
 1.2428447e+06   2.8494478e+08
 1.2430725e+06   2.8476735e+08
 1.2430725e+06   2.8476735e+08
 1.2430725e+06   2.8476735e+08
 1.2430725e+06   2.8476735e+08
 1.2432963e+06   2.8458893e+08
 1.2432963e+06   2.8458893e+08
 1.2432963e+06   2.8458893e+08
 1.2432963e+06   2.8458893e+08
 1.2435201e+06   2.8440628e+08
 1.2435201e+06   2.8440628e+08
 1.2435201e+06   2.8440628e+08
 1.2435201e+06   2.8440628e+08
 1.2437429e+06   2.8422020e+08
 1.2437429e+06   2.8422020e+08
 1.2437429e+06   2.8422020e+08
 1.2437429e+06   2.8422020e+08
 1.2439576e+06   2.8403666e+08
 1.2439576e+06   2.8403666e+08
 1.2439576e+06   2.8403666e+08
 1.2439576e+06   2.8403666e+08
 1.2441723e+06   2.8384879e+08
 1.2441723e+06   2.8384879e+08
 1.2441723e+06   2.8384879e+08
 1.2441723e+06   2.8384879e+08
 1.2443870e+06   2.8365646e+08
 1.2443870e+06   2.8365646e+08
 1.2443870e+06   2.8365646e+08
 1.2443870e+06   2.8365646e+08
 1.2445959e+06   2.8346500e+08
 1.2445959e+06   2.8346500e+08
 1.2445959e+06   2.8346500e+08
 1.2445959e+06   2.8346500e+08
 1.2448018e+06   2.8327183e+08
 1.2448018e+06   2.8327183e+08
 1.2448018e+06   2.8327183e+08
 1.2448018e+06   2.8327183e+08
 1.2450077e+06   2.8307410e+08
 1.2450077e+06   2.8307410e+08
 1.2450077e+06   2.8307410e+08
 1.2450077e+06   2.8307410e+08
 1.2452119e+06   2.8287349e+08
 1.2452119e+06   2.8287349e+08
 1.2452119e+06   2.8287349e+08
 1.2452119e+06   2.8287349e+08
 1.2454093e+06   2.8267494e+08
 1.2454093e+06   2.8267494e+08
 1.2454093e+06   2.8267494e+08
 1.2454093e+06   2.8267494e+08
 1.2456068e+06   2.8247174e+08
 1.2456068e+06   2.8247174e+08
 1.2456068e+06   2.8247174e+08
 1.2456068e+06   2.8247174e+08
 1.2458043e+06   2.8226376e+08
 1.2458043e+06   2.8226376e+08
 1.2458043e+06   2.8226376e+08
 1.2458043e+06   2.8226376e+08
 1.2459956e+06   2.8205768e+08
 1.2459956e+06   2.8205768e+08
 1.2459956e+06   2.8205768e+08
 1.2459956e+06   2.8205768e+08
 1.2461849e+06   2.8184893e+08
 1.2461849e+06   2.8184893e+08
 1.2461849e+06   2.8184893e+08
 1.2461849e+06   2.8184893e+08
 1.2463742e+06   2.8163529e+08
 1.2463742e+06   2.8163529e+08
 1.2463742e+06   2.8163529e+08
 1.2463742e+06   2.8163529e+08
 1.2465610e+06   2.8141958e+08
 1.2465610e+06   2.8141958e+08
 1.2465610e+06   2.8141958e+08
 1.2465610e+06   2.8141958e+08
 1.2467425e+06   2.8120520e+08
 1.2467425e+06   2.8120520e+08
 1.2467425e+06   2.8120520e+08
 1.2467425e+06   2.8120520e+08
 1.2469240e+06   2.8098583e+08
 1.2469240e+06   2.8098583e+08
 1.2469240e+06   2.8098583e+08
 1.2469240e+06   2.8098583e+08
 1.2471055e+06   2.8076134e+08
 1.2471055e+06   2.8076134e+08
 1.2471055e+06   2.8076134e+08
 1.2471055e+06   2.8076134e+08
 1.2472803e+06   2.8054010e+08
 1.2472803e+06   2.8054010e+08
 1.2472803e+06   2.8054010e+08
 1.2472803e+06   2.8054010e+08
 1.2474542e+06   2.8031492e+08
 1.2474542e+06   2.8031492e+08
 1.2474542e+06   2.8031492e+08
 1.2474542e+06   2.8031492e+08
 1.2476282e+06   2.8008452e+08
 1.2476282e+06   2.8008452e+08
 1.2476282e+06   2.8008452e+08
 1.2476282e+06   2.8008452e+08
 1.2477989e+06   2.7985316e+08
 1.2477989e+06   2.7985316e+08
 1.2477989e+06   2.7985316e+08
 1.2477989e+06   2.7985316e+08
 1.2479656e+06   2.7962211e+08
 1.2479656e+06   2.7962211e+08
 1.2479656e+06   2.7962211e+08
 1.2479656e+06   2.7962211e+08
 1.2481322e+06   2.7938572e+08
 1.2481322e+06   2.7938572e+08
 1.2481322e+06   2.7938572e+08
 1.2481322e+06   2.7938572e+08
 1.2482989e+06   2.7914394e+08
 1.2482989e+06   2.7914394e+08
 1.2482989e+06   2.7914394e+08
 1.2482989e+06   2.7914394e+08
 1.2484585e+06   2.7890696e+08
 1.2484585e+06   2.7890696e+08
 1.2484585e+06   2.7890696e+08
 1.2484585e+06   2.7890696e+08
 1.2486182e+06   2.7866451e+08
 1.2486182e+06   2.7866451e+08
 1.2486182e+06   2.7866451e+08
 1.2486182e+06   2.7866451e+08
 1.2487779e+06   2.7841648e+08
 1.2487779e+06   2.7841648e+08
 1.2487779e+06   2.7841648e+08
 1.2487779e+06   2.7841648e+08
 1.2489336e+06   2.7816899e+08
 1.2489336e+06   2.7816899e+08
 1.2489336e+06   2.7816899e+08
 1.2489336e+06   2.7816899e+08
 1.2490866e+06   2.7792043e+08
 1.2490866e+06   2.7792043e+08
 1.2490866e+06   2.7792043e+08
 1.2490866e+06   2.7792043e+08
 1.2492395e+06   2.7766616e+08
 1.2492395e+06   2.7766616e+08
 1.2492395e+06   2.7766616e+08
 1.2492395e+06   2.7766616e+08
 1.2493914e+06   2.7740778e+08
 1.2493914e+06   2.7740778e+08
 1.2493914e+06   2.7740778e+08
 1.2493914e+06   2.7740778e+08
 1.2495379e+06   2.7715303e+08
 1.2495379e+06   2.7715303e+08
 1.2495379e+06   2.7715303e+08
 1.2495379e+06   2.7715303e+08
 1.2496843e+06   2.7689246e+08
 1.2496843e+06   2.7689246e+08
 1.2496843e+06   2.7689246e+08
 1.2496843e+06   2.7689246e+08
 1.2498308e+06   2.7662591e+08
 1.2498308e+06   2.7662591e+08
 1.2498308e+06   2.7662591e+08
 1.2498308e+06   2.7662591e+08
 1.2499727e+06   2.7636189e+08
 1.2499727e+06   2.7636189e+08
 1.2499727e+06   2.7636189e+08
 1.2499727e+06   2.7636189e+08
 1.2501129e+06   2.7609496e+08
 1.2501129e+06   2.7609496e+08
 1.2501129e+06   2.7609496e+08
 1.2501129e+06   2.7609496e+08
 1.2502531e+06   2.7582193e+08
 1.2502531e+06   2.7582193e+08
 1.2502531e+06   2.7582193e+08
 1.2502531e+06   2.7582193e+08
 1.2503914e+06   2.7554657e+08
 1.2503914e+06   2.7554657e+08
 1.2503914e+06   2.7554657e+08
 1.2503914e+06   2.7554657e+08
 1.2505256e+06   2.7527322e+08
 1.2505256e+06   2.7527322e+08
 1.2505256e+06   2.7527322e+08
 1.2505256e+06   2.7527322e+08
 1.2506599e+06   2.7499365e+08
 1.2506599e+06   2.7499365e+08
 1.2506599e+06   2.7499365e+08
 1.2506599e+06   2.7499365e+08
 1.2507941e+06   2.7470771e+08
 1.2507941e+06   2.7470771e+08
 1.2507941e+06   2.7470771e+08
 1.2507941e+06   2.7470771e+08
 1.2509230e+06   2.7442685e+08
 1.2509230e+06   2.7442685e+08
 1.2509230e+06   2.7442685e+08
 1.2509230e+06   2.7442685e+08
 1.2510515e+06   2.7414068e+08
 1.2510515e+06   2.7414068e+08
 1.2510515e+06   2.7414068e+08
 1.2510515e+06   2.7414068e+08
 1.2511799e+06   2.7384802e+08
 1.2511799e+06   2.7384802e+08
 1.2511799e+06   2.7384802e+08
 1.2511799e+06   2.7384802e+08
