7.245441e+14 9.998003e+07 9.998000e+07 9.997981e+07 9.998994e+07 1.001155e+08 1.030121e+08 1.070991e+08 1.354163e+08 2.145108e+08 2.333236e+08 2.333254e+08 0.000000e+00
7.013171e+14 9.998002e+07 9.998000e+07 9.997980e+07 9.999048e+07 1.001175e+08 1.030167e+08 1.071040e+08 1.354224e+08 2.145205e+08 2.333348e+08 2.333365e+08 0.000000e+00
6.823586e+14 9.998002e+07 9.997999e+07 9.997979e+07 9.999096e+07 1.001194e+08 1.030208e+08 1.071083e+08 1.354278e+08 2.145292e+08 2.333446e+08 2.333463e+08 0.000000e+00
6.640552e+14 9.998001e+07 9.997999e+07 9.997979e+07 9.999148e+07 1.001213e+08 1.030251e+08 1.071128e+08 1.354334e+08 2.145381e+08 2.333547e+08 2.333564e+08 0.000000e+00
6.462342e+14 9.998000e+07 9.997998e+07 9.997978e+07 9.999201e+07 1.001232e+08 1.030294e+08 1.071174e+08 1.354391e+08 2.145473e+08 2.333650e+08 2.333667e+08 0.000000e+00
6.289740e+14 9.998000e+07 9.997998e+07 9.997978e+07 9.999256e+07 1.001252e+08 1.030338e+08 1.071220e+08 1.354449e+08 2.145565e+08 2.333754e+08 2.333771e+08 0.000000e+00
6.121788e+14 9.997999e+07 9.997997e+07 9.997977e+07 9.999312e+07 1.001272e+08 1.030383e+08 1.071268e+08 1.354508e+08 2.145658e+08 2.333859e+08 2.333876e+08 0.000000e+00
5.958386e+14 9.997999e+07 9.997996e+07 9.997977e+07 9.999370e+07 1.001293e+08 1.030428e+08 1.071315e+08 1.354567e+08 2.145753e+08 2.333965e+08 2.333983e+08 0.000000e+00
5.799842e+14 9.997998e+07 9.997996e+07 9.997976e+07 9.999429e+07 1.001314e+08 1.030473e+08 1.071363e+08 1.354627e+08 2.145848e+08 2.334072e+08 2.334090e+08 0.000000e+00
5.644592e+14 9.997997e+07 9.997995e+07 9.997975e+07 9.999490e+07 1.001334e+08 1.030519e+08 1.071412e+08 1.354687e+08 2.145944e+08 2.334180e+08 2.334197e+08 0.000000e+00
5.494363e+14 9.997997e+07 9.997995e+07 9.997975e+07 9.999552e+07 1.001356e+08 1.030565e+08 1.071460e+08 1.354748e+08 2.146040e+08 2.334288e+08 2.334305e+08 0.000000e+00
5.347454e+14 9.997996e+07 9.997994e+07 9.997974e+07 9.999615e+07 1.001377e+08 1.030612e+08 1.071509e+08 1.354810e+08 2.146137e+08 2.334397e+08 2.334414e+08 0.000000e+00
5.205357e+14 9.997996e+07 9.997993e+07 9.997974e+07 9.999680e+07 1.001399e+08 1.030659e+08 1.071559e+08 1.354871e+08 2.146234e+08 2.334506e+08 2.334523e+08 0.000000e+00
5.066051e+14 9.997995e+07 9.997993e+07 9.997973e+07 9.999746e+07 1.001420e+08 1.030706e+08 1.071608e+08 1.354933e+08 2.146332e+08 2.334615e+08 2.334633e+08 0.000000e+00
4.931811e+14 9.997994e+07 9.997992e+07 9.997972e+07 9.999813e+07 1.001442e+08 1.030753e+08 1.071658e+08 1.354995e+08 2.146431e+08 2.334725e+08 2.334743e+08 0.000000e+00
4.799515e+14 9.997994e+07 9.997992e+07 9.997972e+07 9.999882e+07 1.001464e+08 1.030800e+08 1.071708e+08 1.355058e+08 2.146530e+08 2.334836e+08 2.334853e+08 0.000000e+00
4.671729e+14 9.997993e+07 9.997991e+07 9.997971e+07 9.999951e+07 1.001487e+08 1.030848e+08 1.071759e+08 1.355121e+08 2.146629e+08 2.334947e+08 2.334964e+08 0.000000e+00
4.547555e+14 9.997992e+07 9.997990e+07 9.997970e+07 1.000002e+08 1.001509e+08 1.030896e+08 1.071809e+08 1.355184e+08 2.146728e+08 2.335058e+08 2.335075e+08 0.000000e+00
4.425772e+14 9.997992e+07 9.997990e+07 9.997970e+07 1.000009e+08 1.001532e+08 1.030944e+08 1.071860e+08 1.355247e+08 2.146828e+08 2.335170e+08 2.335187e+08 0.000000e+00
4.308132e+14 9.997991e+07 9.997989e+07 9.997969e+07 1.000017e+08 1.001554e+08 1.030992e+08 1.071911e+08 1.355311e+08 2.146928e+08 2.335281e+08 2.335299e+08 0.000000e+00
4.193441e+14 9.997991e+07 9.997988e+07 9.997969e+07 1.000024e+08 1.001577e+08 1.031041e+08 1.071962e+08 1.355375e+08 2.147029e+08 2.335394e+08 2.335411e+08 0.000000e+00
4.081176e+14 9.997990e+07 9.997988e+07 9.997968e+07 1.000032e+08 1.001600e+08 1.031090e+08 1.072014e+08 1.355439e+08 2.147130e+08 2.335506e+08 2.335524e+08 0.000000e+00
3.972654e+14 9.997989e+07 9.997987e+07 9.997967e+07 1.000039e+08 1.001624e+08 1.031138e+08 1.072065e+08 1.355503e+08 2.147231e+08 2.335619e+08 2.335637e+08 0.000000e+00
3.867082e+14 9.997989e+07 9.997986e+07 9.997967e+07 1.000047e+08 1.001647e+08 1.031187e+08 1.072117e+08 1.355567e+08 2.147332e+08 2.335732e+08 2.335750e+08 0.000000e+00
3.763432e+14 9.997988e+07 9.997986e+07 9.997966e+07 1.000055e+08 1.001670e+08 1.031236e+08 1.072168e+08 1.355632e+08 2.147434e+08 2.335846e+08 2.335863e+08 0.000000e+00
3.663193e+14 9.997987e+07 9.997985e+07 9.997965e+07 1.000063e+08 1.001694e+08 1.031286e+08 1.072220e+08 1.355697e+08 2.147536e+08 2.335959e+08 2.335977e+08 0.000000e+00
3.566146e+14 9.997987e+07 9.997984e+07 9.997965e+07 1.000071e+08 1.001717e+08 1.031335e+08 1.072272e+08 1.355761e+08 2.147637e+08 2.336073e+08 2.336090e+08 0.000000e+00
3.470587e+14 9.997986e+07 9.997984e+07 9.997964e+07 1.000079e+08 1.001741e+08 1.031384e+08 1.072324e+08 1.355826e+08 2.147740e+08 2.336187e+08 2.336204e+08 0.000000e+00
3.377903e+14 9.997985e+07 9.997983e+07 9.997964e+07 1.000087e+08 1.001765e+08 1.031434e+08 1.072377e+08 1.355892e+08 2.147842e+08 2.336301e+08 2.336318e+08 0.000000e+00
3.288245e+14 9.997985e+07 9.997983e+07 9.997963e+07 1.000096e+08 1.001789e+08 1.031483e+08 1.072429e+08 1.355957e+08 2.147944e+08 2.336415e+08 2.336432e+08 0.000000e+00
3.200717e+14 9.997984e+07 9.997982e+07 9.997962e+07 1.000104e+08 1.001813e+08 1.031533e+08 1.072481e+08 1.356022e+08 2.148046e+08 2.336529e+08 2.336546e+08 0.000000e+00
3.114925e+14 9.997983e+07 9.997981e+07 9.997962e+07 1.000113e+08 1.001837e+08 1.031583e+08 1.072534e+08 1.356087e+08 2.148149e+08 2.336643e+08 2.336661e+08 0.000000e+00
3.031732e+14 9.997983e+07 9.997981e+07 9.997961e+07 1.000121e+08 1.001861e+08 1.031633e+08 1.072586e+08 1.356153e+08 2.148252e+08 2.336758e+08 2.336775e+08 0.000000e+00
2.951313e+14 9.997982e+07 9.997980e+07 9.997961e+07 1.000130e+08 1.001886e+08 1.031683e+08 1.072639e+08 1.356218e+08 2.148354e+08 2.336872e+08 2.336889e+08 0.000000e+00
2.872644e+14 9.997981e+07 9.997979e+07 9.997960e+07 1.000139e+08 1.001910e+08 1.031733e+08 1.072692e+08 1.356283e+08 2.148456e+08 2.336986e+08 2.337003e+08 0.000000e+00
2.796077e+14 9.997981e+07 9.997979e+07 9.997959e+07 1.000148e+08 1.001934e+08 1.031782e+08 1.072744e+08 1.356349e+08 2.148558e+08 2.337100e+08 2.337117e+08 0.000000e+00
2.721546e+14 9.997980e+07 9.997978e+07 9.997959e+07 1.000156e+08 1.001959e+08 1.031832e+08 1.072797e+08 1.356414e+08 2.148660e+08 2.337213e+08 2.337231e+08 0.000000e+00
2.649001e+14 9.997979e+07 9.997977e+07 9.997958e+07 1.000165e+08 1.001983e+08 1.031882e+08 1.072849e+08 1.356479e+08 2.148762e+08 2.337327e+08 2.337344e+08 0.000000e+00
2.578390e+14 9.997979e+07 9.997977e+07 9.997958e+07 1.000174e+08 1.002008e+08 1.031932e+08 1.072902e+08 1.356545e+08 2.148864e+08 2.337440e+08 2.337457e+08 0.000000e+00
2.509660e+14 9.997978e+07 9.997976e+07 9.997957e+07 1.000183e+08 1.002032e+08 1.031982e+08 1.072954e+08 1.356610e+08 2.148965e+08 2.337553e+08 2.337570e+08 0.000000e+00
2.442761e+14 9.997977e+07 9.997975e+07 9.997956e+07 1.000192e+08 1.002057e+08 1.032031e+08 1.073007e+08 1.356675e+08 2.149066e+08 2.337666e+08 2.337683e+08 0.000000e+00
2.377645e+14 9.997977e+07 9.997975e+07 9.997956e+07 1.000202e+08 1.002081e+08 1.032081e+08 1.073059e+08 1.356740e+08 2.149167e+08 2.337778e+08 2.337795e+08 0.000000e+00
2.314265e+14 9.997976e+07 9.997974e+07 9.997955e+07 1.000211e+08 1.002108e+08 1.032134e+08 1.073115e+08 1.356808e+08 2.149267e+08 2.337888e+08 2.337906e+08 0.000000e+00
2.252572e+14 9.997975e+07 9.997973e+07 9.997955e+07 1.000221e+08 1.002132e+08 1.032184e+08 1.073167e+08 1.356873e+08 2.149368e+08 2.338001e+08 2.338018e+08 0.000000e+00
2.192524e+14 9.997975e+07 9.997973e+07 9.997954e+07 1.000230e+08 1.002157e+08 1.032234e+08 1.073220e+08 1.356938e+08 2.149469e+08 2.338113e+08 2.338130e+08 0.000000e+00
2.134070e+14 9.997974e+07 9.997972e+07 9.997954e+07 1.000239e+08 1.002182e+08 1.032284e+08 1.073272e+08 1.357003e+08 2.149569e+08 2.338224e+08 2.338241e+08 0.000000e+00
2.077178e+14 9.997973e+07 9.997971e+07 9.997953e+07 1.000249e+08 1.002206e+08 1.032333e+08 1.073325e+08 1.357068e+08 2.149669e+08 2.338335e+08 2.338352e+08 0.000000e+00
2.021801e+14 9.997973e+07 9.997971e+07 9.997952e+07 1.000258e+08 1.002231e+08 1.032383e+08 1.073377e+08 1.357132e+08 2.149769e+08 2.338445e+08 2.338462e+08 0.000000e+00
1.967898e+14 9.997972e+07 9.997970e+07 9.997952e+07 1.000268e+08 1.002256e+08 1.032433e+08 1.073430e+08 1.357197e+08 2.149868e+08 2.338555e+08 2.338572e+08 0.000000e+00
1.915434e+14 9.997971e+07 9.997969e+07 9.997951e+07 1.000277e+08 1.002281e+08 1.032483e+08 1.073482e+08 1.357262e+08 2.149967e+08 2.338664e+08 2.338682e+08 0.000000e+00
1.864367e+14 9.997971e+07 9.997969e+07 9.997951e+07 1.000287e+08 1.002306e+08 1.032533e+08 1.073535e+08 1.357328e+08 2.150067e+08 2.338774e+08 2.338791e+08 0.000000e+00
1.814663e+14 9.997970e+07 9.997968e+07 9.997950e+07 1.000296e+08 1.002331e+08 1.032584e+08 1.073588e+08 1.357393e+08 2.150166e+08 2.338883e+08 2.338900e+08 0.000000e+00
1.766298e+14 9.997969e+07 9.997967e+07 9.997950e+07 1.000306e+08 1.002356e+08 1.032634e+08 1.073641e+08 1.357458e+08 2.150265e+08 2.338992e+08 2.339009e+08 0.000000e+00
1.719216e+14 9.997969e+07 9.997966e+07 9.997949e+07 1.000316e+08 1.002382e+08 1.032685e+08 1.073695e+08 1.357524e+08 2.150364e+08 2.339101e+08 2.339118e+08 0.000000e+00
1.673408e+14 9.997968e+07 9.997966e+07 9.997949e+07 1.000326e+08 1.002407e+08 1.032736e+08 1.073748e+08 1.357590e+08 2.150463e+08 2.339209e+08 2.339227e+08 0.000000e+00
1.628842e+14 9.997967e+07 9.997965e+07 9.997948e+07 1.000336e+08 1.002433e+08 1.032787e+08 1.073802e+08 1.357655e+08 2.150561e+08 2.339317e+08 2.339334e+08 0.000000e+00
1.585487e+14 9.997967e+07 9.997964e+07 9.997948e+07 1.000345e+08 1.002458e+08 1.032837e+08 1.073854e+08 1.357720e+08 2.150657e+08 2.339423e+08 2.339440e+08 0.000000e+00
1.543301e+14 9.997966e+07 9.997964e+07 9.997947e+07 1.000355e+08 1.002482e+08 1.032886e+08 1.073906e+08 1.357783e+08 2.150751e+08 2.339526e+08 2.339543e+08 0.000000e+00
1.502235e+14 9.997965e+07 9.997963e+07 9.997947e+07 1.000364e+08 1.002506e+08 1.032933e+08 1.073956e+08 1.357844e+08 2.150842e+08 2.339625e+08 2.339642e+08 0.000000e+00
1.462285e+14 9.997945e+07 9.997942e+07 9.997931e+07 1.000665e+08 1.003274e+08 1.034452e+08 1.075536e+08 1.359614e+08 2.152715e+08 2.341505e+08 2.341522e+08 0.000000e+00
1.423365e+14 9.997926e+07 9.997923e+07 9.997918e+07 1.000942e+08 1.003981e+08 1.035848e+08 1.076989e+08 1.361238e+08 2.154422e+08 2.343215e+08 2.343232e+08 0.000000e+00
1.385426e+14 9.997908e+07 9.997906e+07 9.997905e+07 1.001194e+08 1.004623e+08 1.037117e+08 1.078308e+08 1.362708e+08 2.155957e+08 2.344750e+08 2.344768e+08 0.000000e+00
1.348461e+14 9.997892e+07 9.997890e+07 9.997894e+07 1.001423e+08 1.005205e+08 1.038266e+08 1.079502e+08 1.364035e+08 2.157335e+08 2.346126e+08 2.346143e+08 0.000000e+00
1.312397e+14 9.997878e+07 9.997876e+07 9.997884e+07 1.001634e+08 1.005739e+08 1.039317e+08 1.080595e+08 1.365246e+08 2.158585e+08 2.347372e+08 2.347389e+08 0.000000e+00
1.277287e+14 9.997865e+07 9.997862e+07 9.997875e+07 1.001831e+08 1.006238e+08 1.040302e+08 1.081617e+08 1.366376e+08 2.159744e+08 2.348525e+08 2.348543e+08 0.000000e+00
1.243120e+14 9.997852e+07 9.997849e+07 9.997867e+07 1.002023e+08 1.006721e+08 1.041251e+08 1.082602e+08 1.367462e+08 2.160851e+08 2.349625e+08 2.349643e+08 0.000000e+00
1.209901e+14 9.997839e+07 9.997837e+07 9.997859e+07 1.002211e+08 1.007195e+08 1.042184e+08 1.083571e+08 1.368531e+08 2.161941e+08 2.350709e+08 2.350726e+08 0.000000e+00
1.177582e+14 9.997826e+07 9.997824e+07 9.997851e+07 1.002400e+08 1.007669e+08 1.043116e+08 1.084538e+08 1.369603e+08 2.163042e+08 2.351804e+08 2.351822e+08 0.000000e+00
1.146161e+14 9.997813e+07 9.997811e+07 9.997843e+07 1.002592e+08 1.008149e+08 1.044061e+08 1.085520e+08 1.370693e+08 2.164170e+08 2.352927e+08 2.352945e+08 0.000000e+00
1.115600e+14 9.997800e+07 9.997798e+07 9.997835e+07 1.002789e+08 1.008640e+08 1.045026e+08 1.086523e+08 1.371811e+08 2.165334e+08 2.354086e+08 2.354104e+08 0.000000e+00
1.085863e+14 9.997786e+07 9.997784e+07 9.997828e+07 1.002991e+08 1.009143e+08 1.046014e+08 1.087550e+08 1.372960e+08 2.166537e+08 2.355286e+08 2.355304e+08 0.000000e+00
1.056925e+14 9.997773e+07 9.997770e+07 9.997821e+07 1.003199e+08 1.009658e+08 1.047027e+08 1.088604e+08 1.374141e+08 2.167781e+08 2.356527e+08 2.356545e+08 0.000000e+00
1.028761e+14 9.997758e+07 9.997756e+07 9.997813e+07 1.003412e+08 1.010186e+08 1.048063e+08 1.089682e+08 1.375354e+08 2.169065e+08 2.357808e+08 2.357826e+08 0.000000e+00
1.001348e+14 9.997744e+07 9.997742e+07 9.997806e+07 1.003630e+08 1.010725e+08 1.049122e+08 1.090784e+08 1.376596e+08 2.170387e+08 2.359128e+08 2.359146e+08 0.000000e+00
9.746542e+13 9.997729e+07 9.997727e+07 9.997800e+07 1.003852e+08 1.011271e+08 1.050192e+08 1.091898e+08 1.377855e+08 2.171733e+08 2.360473e+08 2.360491e+08 0.000000e+00
9.486240e+13 9.997714e+07 9.997712e+07 9.997793e+07 1.004078e+08 1.011825e+08 1.051279e+08 1.093031e+08 1.379137e+08 2.173109e+08 2.361850e+08 2.361868e+08 0.000000e+00
9.233368e+13 9.997699e+07 9.997697e+07 9.997787e+07 1.004313e+08 1.012399e+08 1.052402e+08 1.094200e+08 1.380464e+08 2.174540e+08 2.363281e+08 2.363299e+08 0.000000e+00
8.989929e+13 9.997684e+07 9.997681e+07 9.997782e+07 1.004552e+08 1.012981e+08 1.053541e+08 1.095388e+08 1.381814e+08 2.176001e+08 2.364744e+08 2.364762e+08 0.000000e+00
8.747668e+13 9.997668e+07 9.997666e+07 9.997777e+07 1.004792e+08 1.013566e+08 1.054686e+08 1.096581e+08 1.383173e+08 2.177476e+08 2.366220e+08 2.366238e+08 0.000000e+00
8.514485e+13 9.997652e+07 9.997650e+07 9.997772e+07 1.005040e+08 1.014165e+08 1.055857e+08 1.097803e+08 1.384565e+08 2.178994e+08 2.367740e+08 2.367758e+08 0.000000e+00
8.289547e+13 9.997636e+07 9.997634e+07 9.997768e+07 1.005295e+08 1.014780e+08 1.057058e+08 1.099057e+08 1.385996e+08 2.180559e+08 2.369307e+08 2.369325e+08 0.000000e+00
8.066600e+13 9.997619e+07 9.997617e+07 9.997764e+07 1.005552e+08 1.015398e+08 1.058264e+08 1.100315e+08 1.387435e+08 2.182136e+08 2.370888e+08 2.370906e+08 0.000000e+00
7.851572e+13 9.997603e+07 9.997601e+07 9.997761e+07 1.005813e+08 1.016024e+08 1.059484e+08 1.101588e+08 1.388893e+08 2.183739e+08 2.372496e+08 2.372513e+08 0.000000e+00
7.642275e+13 9.997586e+07 9.997584e+07 9.997759e+07 1.006085e+08 1.016672e+08 1.060748e+08 1.102907e+08 1.390404e+08 2.185406e+08 2.374167e+08 2.374185e+08 0.000000e+00
7.439557e+13 9.997568e+07 9.997566e+07 9.997757e+07 1.006361e+08 1.017329e+08 1.062026e+08 1.104242e+08 1.391935e+08 2.187097e+08 2.375864e+08 2.375881e+08 0.000000e+00
7.240271e+13 9.997551e+07 9.997549e+07 9.997756e+07 1.006640e+08 1.017990e+08 1.063312e+08 1.105585e+08 1.393477e+08 2.188804e+08 2.377576e+08 2.377594e+08 0.000000e+00
7.047269e+13 9.997533e+07 9.997531e+07 9.997756e+07 1.006929e+08 1.018672e+08 1.064637e+08 1.106969e+08 1.395067e+08 2.190568e+08 2.379347e+08 2.379364e+08 0.000000e+00
6.860469e+13 9.997515e+07 9.997513e+07 9.997757e+07 1.007227e+08 1.019376e+08 1.066002e+08 1.108395e+08 1.396707e+08 2.192390e+08 2.381175e+08 2.381193e+08 0.000000e+00
6.676564e+13 9.997496e+07 9.997494e+07 9.997759e+07 1.007531e+08 1.020087e+08 1.067383e+08 1.109837e+08 1.398366e+08 2.194237e+08 2.383029e+08 2.383046e+08 0.000000e+00
6.498589e+13 9.997477e+07 9.997475e+07 9.997762e+07 1.007841e+08 1.020812e+08 1.068787e+08 1.111305e+08 1.400053e+08 2.196118e+08 2.384917e+08 2.384934e+08 0.000000e+00
6.325358e+13 9.997458e+07 9.997455e+07 9.997766e+07 1.008163e+08 1.021563e+08 1.070242e+08 1.112825e+08 1.401803e+08 2.198070e+08 2.386877e+08 2.386894e+08 0.000000e+00
6.158219e+13 9.997437e+07 9.997435e+07 9.997772e+07 1.008496e+08 1.022335e+08 1.071734e+08 1.114385e+08 1.403599e+08 2.200076e+08 2.388891e+08 2.388908e+08 0.000000e+00
5.992628e+13 9.997417e+07 9.997415e+07 9.997778e+07 1.008836e+08 1.023120e+08 1.073252e+08 1.115971e+08 1.405426e+08 2.202118e+08 2.390941e+08 2.390958e+08 0.000000e+00
5.832884e+13 9.997396e+07 9.997394e+07 9.997787e+07 1.009186e+08 1.023928e+08 1.074811e+08 1.117601e+08 1.407302e+08 2.204217e+08 2.393049e+08 2.393066e+08 0.000000e+00
5.677399e+13 9.997374e+07 9.997372e+07 9.997797e+07 1.009551e+08 1.024766e+08 1.076426e+08 1.119289e+08 1.409248e+08 2.206393e+08 2.395234e+08 2.395252e+08 0.000000e+00
5.526552e+13 9.997352e+07 9.997350e+07 9.997808e+07 1.009928e+08 1.025627e+08 1.078083e+08 1.121022e+08 1.411243e+08 2.208627e+08 2.397478e+08 2.397495e+08 0.000000e+00
5.378752e+13 9.997330e+07 9.997327e+07 9.997822e+07 1.010315e+08 1.026508e+08 1.079777e+08 1.122793e+08 1.413283e+08 2.210911e+08 2.399771e+08 2.399789e+08 0.000000e+00
5.235373e+13 9.997306e+07 9.997304e+07 9.997838e+07 1.010716e+08 1.027419e+08 1.081528e+08 1.124623e+08 1.415390e+08 2.213268e+08 2.402139e+08 2.402157e+08 0.000000e+00
5.095815e+13 9.997282e+07 9.997280e+07 9.997857e+07 1.011134e+08 1.028364e+08 1.083341e+08 1.126519e+08 1.417572e+08 2.215711e+08 2.404593e+08 2.404610e+08 0.000000e+00
4.960062e+13 9.997257e+07 9.997255e+07 9.997878e+07 1.011567e+08 1.029337e+08 1.085205e+08 1.128468e+08 1.419815e+08 2.218220e+08 2.407113e+08 2.407131e+08 0.000000e+00
4.827761e+13 9.997232e+07 9.997229e+07 9.997902e+07 1.012013e+08 1.030337e+08 1.087119e+08 1.130469e+08 1.422117e+08 2.220795e+08 2.409699e+08 2.409716e+08 0.000000e+00
4.699069e+13 9.997205e+07 9.997203e+07 9.997929e+07 1.012477e+08 1.031373e+08 1.089101e+08 1.132542e+08 1.424499e+08 2.223457e+08 2.412373e+08 2.412391e+08 0.000000e+00
4.573868e+13 9.997178e+07 9.997176e+07 9.997960e+07 1.012960e+08 1.032449e+08 1.091154e+08 1.134688e+08 1.426965e+08 2.226211e+08 2.415139e+08 2.415157e+08 0.000000e+00
4.451886e+13 9.997150e+07 9.997148e+07 9.997995e+07 1.013461e+08 1.033558e+08 1.093269e+08 1.136899e+08 1.429505e+08 2.229046e+08 2.417985e+08 2.418003e+08 0.000000e+00
4.333213e+13 9.997121e+07 9.997119e+07 9.998034e+07 1.013980e+08 1.034703e+08 1.095448e+08 1.139178e+08 1.432120e+08 2.231961e+08 2.420912e+08 2.420930e+08 0.000000e+00
4.217704e+13 9.997091e+07 9.997089e+07 9.998078e+07 1.014521e+08 1.035891e+08 1.097706e+08 1.141538e+08 1.434827e+08 2.234976e+08 2.423937e+08 2.423955e+08 0.000000e+00
4.105370e+13 9.997060e+07 9.997058e+07 9.998127e+07 1.015084e+08 1.037122e+08 1.100043e+08 1.143981e+08 1.437626e+08 2.238089e+08 2.427062e+08 2.427079e+08 0.000000e+00
3.995841e+13 9.997028e+07 9.997026e+07 9.998182e+07 1.015668e+08 1.038394e+08 1.102455e+08 1.146502e+08 1.440513e+08 2.241297e+08 2.430280e+08 2.430297e+08 0.000000e+00
3.889326e+13 9.996995e+07 9.996993e+07 9.998243e+07 1.016276e+08 1.039711e+08 1.104947e+08 1.149107e+08 1.443492e+08 2.244601e+08 2.433593e+08 2.433611e+08 0.000000e+00
3.785649e+13 9.996961e+07 9.996959e+07 9.998312e+07 1.016908e+08 1.041076e+08 1.107526e+08 1.151803e+08 1.446573e+08 2.248014e+08 2.437015e+08 2.437032e+08 0.000000e+00
3.684836e+13 9.996926e+07 9.996924e+07 9.998388e+07 1.017567e+08 1.042491e+08 1.110195e+08 1.154591e+08 1.449757e+08 2.251534e+08 2.440544e+08 2.440561e+08 0.000000e+00
3.586514e+13 9.996890e+07 9.996888e+07 9.998472e+07 1.018251e+08 1.043955e+08 1.112952e+08 1.157470e+08 1.453042e+08 2.255160e+08 2.444177e+08 2.444194e+08 0.000000e+00
3.490909e+13 9.996853e+07 9.996850e+07 9.998565e+07 1.018962e+08 1.045470e+08 1.115801e+08 1.160445e+08 1.456432e+08 2.258896e+08 2.447919e+08 2.447937e+08 0.000000e+00
3.397853e+13 9.996814e+07 9.996812e+07 9.998669e+07 1.019704e+08 1.047041e+08 1.118749e+08 1.163523e+08 1.459936e+08 2.262750e+08 2.451778e+08 2.451796e+08 0.000000e+00
3.307332e+13 9.996774e+07 9.996772e+07 9.998784e+07 1.020475e+08 1.048668e+08 1.121797e+08 1.166704e+08 1.463554e+08 2.266720e+08 2.455752e+08 2.455770e+08 0.000000e+00
3.219117e+13 9.996733e+07 9.996731e+07 9.998910e+07 1.021277e+08 1.050351e+08 1.124945e+08 1.169986e+08 1.467284e+08 2.270805e+08 2.459839e+08 2.459857e+08 0.000000e+00
3.133306e+13 9.996691e+07 9.996689e+07 9.999050e+07 1.022111e+08 1.052094e+08 1.128199e+08 1.173378e+08 1.471134e+08 2.275011e+08 2.464046e+08 2.464064e+08 0.000000e+00
3.049782e+13 9.996647e+07 9.996645e+07 9.999205e+07 1.022980e+08 1.053899e+08 1.131564e+08 1.176886e+08 1.475110e+08 2.279345e+08 2.468379e+08 2.468397e+08 0.000000e+00
2.968492e+13 9.996602e+07 9.996600e+07 9.999376e+07 1.023884e+08 1.055767e+08 1.135039e+08 1.180506e+08 1.479207e+08 2.283801e+08 2.472833e+08 2.472851e+08 0.000000e+00
2.889356e+13 9.996555e+07 9.996553e+07 9.999563e+07 1.024822e+08 1.057697e+08 1.138622e+08 1.184238e+08 1.483427e+08 2.288378e+08 2.477406e+08 2.477423e+08 0.000000e+00
2.812335e+13 9.996508e+07 9.996505e+07 9.999770e+07 1.025799e+08 1.059696e+08 1.142326e+08 1.188094e+08 1.487780e+08 2.293088e+08 2.482109e+08 2.482126e+08 0.000000e+00
2.737425e+13 9.996458e+07 9.996456e+07 9.999998e+07 1.026816e+08 1.061764e+08 1.146152e+08 1.192075e+08 1.492268e+08 2.297930e+08 2.486943e+08 2.486960e+08 0.000000e+00
2.664398e+13 9.996407e+07 9.996405e+07 1.000025e+08 1.027871e+08 1.063901e+08 1.150095e+08 1.196176e+08 1.496884e+08 2.302898e+08 2.491900e+08 2.491917e+08 0.000000e+00
2.593375e+13 9.996355e+07 9.996353e+07 1.000052e+08 1.028968e+08 1.066108e+08 1.154160e+08 1.200401e+08 1.501633e+08 2.307994e+08 2.496982e+08 2.497000e+08 0.000000e+00
2.524244e+13 9.996301e+07 9.996299e+07 1.000082e+08 1.030109e+08 1.068393e+08 1.158356e+08 1.204763e+08 1.506528e+08 2.313231e+08 2.502204e+08 2.502222e+08 0.000000e+00
2.457033e+13 9.996246e+07 9.996244e+07 1.000116e+08 1.031294e+08 1.070753e+08 1.162680e+08 1.209257e+08 1.511563e+08 2.318603e+08 2.507557e+08 2.507574e+08 0.000000e+00
2.391462e+13 9.996189e+07 9.996187e+07 1.000152e+08 1.032523e+08 1.073186e+08 1.167127e+08 1.213878e+08 1.516731e+08 2.324099e+08 2.513032e+08 2.513049e+08 0.000000e+00
2.327713e+13 9.996130e+07 9.996128e+07 1.000192e+08 1.033800e+08 1.075701e+08 1.171710e+08 1.218640e+08 1.522046e+08 2.329734e+08 2.518644e+08 2.518661e+08 0.000000e+00
2.265691e+13 9.996070e+07 9.996068e+07 1.000235e+08 1.035128e+08 1.078301e+08 1.176437e+08 1.223550e+08 1.527515e+08 2.335517e+08 2.524399e+08 2.524417e+08 0.000000e+00
2.205269e+13 9.996008e+07 9.996006e+07 1.000283e+08 1.036504e+08 1.080979e+08 1.181291e+08 1.228591e+08 1.533119e+08 2.341426e+08 2.530277e+08 2.530295e+08 0.000000e+00
2.146484e+13 9.995945e+07 9.995943e+07 1.000334e+08 1.037930e+08 1.083737e+08 1.186273e+08 1.233765e+08 1.538858e+08 2.347462e+08 2.536276e+08 2.536294e+08 0.000000e+00
2.089266e+13 9.995880e+07 9.995878e+07 1.000391e+08 1.039412e+08 1.086588e+08 1.191410e+08 1.239098e+08 1.544761e+08 2.353650e+08 2.542424e+08 2.542441e+08 0.000000e+00
2.033705e+13 9.995813e+07 9.995811e+07 1.000453e+08 1.040949e+08 1.089527e+08 1.196690e+08 1.244577e+08 1.550812e+08 2.359974e+08 2.548704e+08 2.548722e+08 0.000000e+00
1.979365e+13 9.995745e+07 9.995743e+07 1.000520e+08 1.042538e+08 1.092547e+08 1.202100e+08 1.250191e+08 1.556994e+08 2.366417e+08 2.555102e+08 2.555119e+08 0.000000e+00
1.926602e+13 9.995675e+07 9.995673e+07 1.000594e+08 1.044186e+08 1.095659e+08 1.207662e+08 1.255959e+08 1.563329e+08 2.372999e+08 2.561635e+08 2.561652e+08 0.000000e+00
1.875273e+13 9.995603e+07 9.995601e+07 1.000674e+08 1.045898e+08 1.098874e+08 1.213386e+08 1.261894e+08 1.569833e+08 2.379736e+08 2.568318e+08 2.568336e+08 0.000000e+00
1.825257e+13 9.995530e+07 9.995527e+07 1.000761e+08 1.047667e+08 1.102175e+08 1.219241e+08 1.267964e+08 1.576471e+08 2.386590e+08 2.575113e+08 2.575130e+08 0.000000e+00
1.776602e+13 9.995455e+07 9.995452e+07 1.000855e+08 1.049493e+08 1.105562e+08 1.225233e+08 1.274167e+08 1.583243e+08 2.393558e+08 2.582018e+08 2.582036e+08 0.000000e+00
1.729244e+13 9.995378e+07 9.995375e+07 1.000958e+08 1.051390e+08 1.109059e+08 1.231397e+08 1.280546e+08 1.590192e+08 2.400685e+08 2.589078e+08 2.589095e+08 0.000000e+00
1.683277e+13 9.995299e+07 9.995297e+07 1.001069e+08 1.053352e+08 1.112654e+08 1.237710e+08 1.287074e+08 1.597286e+08 2.407940e+08 2.596260e+08 2.596278e+08 0.000000e+00
1.638281e+13 9.995219e+07 9.995216e+07 1.001190e+08 1.055374e+08 1.116338e+08 1.244153e+08 1.293731e+08 1.604506e+08 2.415299e+08 2.603542e+08 2.603559e+08 0.000000e+00
1.594610e+13 9.995137e+07 9.995134e+07 1.001321e+08 1.057467e+08 1.120128e+08 1.250757e+08 1.300550e+08 1.611887e+08 2.422795e+08 2.610957e+08 2.610974e+08 0.000000e+00
1.552181e+13 9.995053e+07 9.995050e+07 1.001462e+08 1.059637e+08 1.124033e+08 1.257535e+08 1.307544e+08 1.619437e+08 2.430438e+08 2.618515e+08 2.618532e+08 0.000000e+00
1.510729e+13 9.994967e+07 9.994965e+07 1.001615e+08 1.061869e+08 1.128026e+08 1.264443e+08 1.314665e+08 1.627106e+08 2.438175e+08 2.626165e+08 2.626183e+08 0.000000e+00
1.470458e+13 9.994880e+07 9.994878e+07 1.001780e+08 1.064170e+08 1.132116e+08 1.271486e+08 1.321922e+08 1.634907e+08 2.446017e+08 2.633917e+08 2.633934e+08 0.000000e+00
1.431260e+13 9.994791e+07 9.994789e+07 1.001959e+08 1.066558e+08 1.136334e+08 1.278716e+08 1.329370e+08 1.642893e+08 2.454018e+08 2.641824e+08 2.641841e+08 0.000000e+00
1.393172e+13 9.994700e+07 9.994698e+07 1.002152e+08 1.069016e+08 1.140650e+08 1.286080e+08 1.336954e+08 1.651005e+08 2.462117e+08 2.649826e+08 2.649843e+08 0.000000e+00
1.355972e+13 9.994608e+07 9.994606e+07 1.002358e+08 1.071541e+08 1.145055e+08 1.293561e+08 1.344659e+08 1.659222e+08 2.470294e+08 2.657901e+08 2.657919e+08 0.000000e+00
1.319826e+13 9.994514e+07 9.994512e+07 1.002582e+08 1.074156e+08 1.149588e+08 1.301222e+08 1.352545e+08 1.667613e+08 2.478614e+08 2.666115e+08 2.666133e+08 0.000000e+00
1.284814e+13 9.994418e+07 9.994416e+07 1.002823e+08 1.076854e+08 1.154235e+08 1.309041e+08 1.360590e+08 1.676151e+08 2.487054e+08 2.674444e+08 2.674461e+08 0.000000e+00
1.250400e+13 9.994321e+07 9.994319e+07 1.003080e+08 1.079620e+08 1.158971e+08 1.316968e+08 1.368746e+08 1.684780e+08 2.495559e+08 2.682835e+08 2.682852e+08 0.000000e+00
1.217068e+13 9.994222e+07 9.994220e+07 1.003357e+08 1.082470e+08 1.163819e+08 1.325042e+08 1.377052e+08 1.693543e+08 2.504169e+08 2.691327e+08 2.691344e+08 0.000000e+00
1.184668e+13 9.994121e+07 9.994119e+07 1.003655e+08 1.085420e+08 1.168803e+08 1.333305e+08 1.385549e+08 1.702479e+08 2.512926e+08 2.699960e+08 2.699977e+08 0.000000e+00
1.153047e+13 9.994019e+07 9.994017e+07 1.003974e+08 1.088442e+08 1.173874e+08 1.341675e+08 1.394146e+08 1.711500e+08 2.521739e+08 2.708645e+08 2.708662e+08 0.000000e+00
1.122311e+13 9.993915e+07 9.993914e+07 1.004314e+08 1.091540e+08 1.179036e+08 1.350156e+08 1.402846e+08 1.720610e+08 2.530611e+08 2.717386e+08 2.717403e+08 0.000000e+00
1.092394e+13 9.993809e+07 9.993809e+07 1.004680e+08 1.094748e+08 1.184346e+08 1.358836e+08 1.411743e+08 1.729906e+08 2.539637e+08 2.726276e+08 2.726293e+08 0.000000e+00
1.063354e+13 9.993702e+07 9.993703e+07 1.005070e+08 1.098038e+08 1.189757e+08 1.367634e+08 1.420754e+08 1.739294e+08 2.548730e+08 2.735228e+08 2.735246e+08 0.000000e+00
1.034931e+13 9.993594e+07 9.993596e+07 1.005485e+08 1.101400e+08 1.195251e+08 1.376519e+08 1.429844e+08 1.748745e+08 2.557860e+08 2.744212e+08 2.744229e+08 0.000000e+00
1.007343e+13 9.993484e+07 9.993488e+07 1.005928e+08 1.104869e+08 1.200884e+08 1.385580e+08 1.439105e+08 1.758353e+08 2.567113e+08 2.753314e+08 2.753331e+08 0.000000e+00
9.806516e+12 9.993372e+07 9.993378e+07 1.006402e+08 1.108435e+08 1.206637e+08 1.394785e+08 1.448508e+08 1.768082e+08 2.576460e+08 2.762506e+08 2.762523e+08 0.000000e+00
9.543542e+12 9.993260e+07 9.993268e+07 1.006902e+08 1.112071e+08 1.212468e+08 1.404062e+08 1.457985e+08 1.777859e+08 2.585829e+08 2.771718e+08 2.771735e+08 0.000000e+00
9.289143e+12 9.993145e+07 9.993158e+07 1.007434e+08 1.115801e+08 1.218410e+08 1.413465e+08 1.467588e+08 1.787740e+08 2.595274e+08 2.781003e+08 2.781020e+08 0.000000e+00
9.042007e+12 9.993029e+07 9.993047e+07 1.008001e+08 1.119648e+08 1.224500e+08 1.423046e+08 1.477366e+08 1.797780e+08 2.604845e+08 2.790409e+08 2.790426e+08 0.000000e+00
8.800509e+12 9.992912e+07 9.992937e+07 1.008599e+08 1.123569e+08 1.230668e+08 1.432685e+08 1.487201e+08 1.807858e+08 2.614427e+08 2.799822e+08 2.799839e+08 0.000000e+00
8.565917e+12 9.992794e+07 9.992828e+07 1.009230e+08 1.127566e+08 1.236920e+08 1.442392e+08 1.497105e+08 1.817983e+08 2.624030e+08 2.809253e+08 2.809270e+08 0.000000e+00
8.337578e+12 9.992674e+07 9.992721e+07 1.009902e+08 1.131693e+08 1.243334e+08 1.452291e+08 1.507201e+08 1.828281e+08 2.633774e+08 2.818819e+08 2.818837e+08 0.000000e+00
8.115927e+12 9.992553e+07 9.992616e+07 1.010612e+08 1.135903e+08 1.249834e+08 1.462266e+08 1.517368e+08 1.838625e+08 2.643539e+08 2.828406e+08 2.828423e+08 0.000000e+00
7.898999e+12 9.992431e+07 9.992515e+07 1.011356e+08 1.140182e+08 1.256399e+08 1.472278e+08 1.527568e+08 1.848976e+08 2.653293e+08 2.837978e+08 2.837995e+08 0.000000e+00
7.688438e+12 9.992307e+07 9.992418e+07 1.012146e+08 1.144585e+08 1.263111e+08 1.482449e+08 1.537922e+08 1.859462e+08 2.663152e+08 2.847655e+08 2.847672e+08 0.000000e+00
7.485052e+12 9.992182e+07 9.992328e+07 1.012981e+08 1.149091e+08 1.269937e+08 1.492731e+08 1.548380e+08 1.870029e+08 2.673069e+08 2.857387e+08 2.857404e+08 0.000000e+00
7.284005e+12 9.992056e+07 9.992246e+07 1.013854e+08 1.153663e+08 1.276816e+08 1.503039e+08 1.558847e+08 1.880586e+08 2.682961e+08 2.867092e+08 2.867110e+08 0.000000e+00
7.089838e+12 9.991929e+07 9.992175e+07 1.014774e+08 1.158336e+08 1.283803e+08 1.513446e+08 1.569405e+08 1.891212e+08 2.692899e+08 2.876844e+08 2.876861e+08 0.000000e+00
6.901326e+12 9.991800e+07 9.992117e+07 1.015749e+08 1.163137e+08 1.290937e+08 1.524011e+08 1.580113e+08 1.901968e+08 2.702940e+08 2.886696e+08 2.886713e+08 0.000000e+00
6.716893e+12 9.991671e+07 9.992076e+07 1.016766e+08 1.168002e+08 1.298121e+08 1.534579e+08 1.590822e+08 1.912703e+08 2.712943e+08 2.896509e+08 2.896526e+08 0.000000e+00
6.537843e+12 9.991542e+07 9.992055e+07 1.017828e+08 1.172938e+08 1.305368e+08 1.545168e+08 1.601552e+08 1.923438e+08 2.722926e+08 2.906303e+08 2.906320e+08 0.000000e+00
6.363566e+12 9.991410e+07 9.992058e+07 1.018953e+08 1.178018e+08 1.312781e+08 1.555930e+08 1.612451e+08 1.934322e+08 2.733030e+08 2.916216e+08 2.916233e+08 0.000000e+00
6.194527e+12 9.991278e+07 9.992091e+07 1.020128e+08 1.183177e+08 1.320257e+08 1.566714e+08 1.623368e+08 1.945203e+08 2.743119e+08 2.926111e+08 2.926128e+08 0.000000e+00
6.028825e+12 9.991145e+07 9.992158e+07 1.021349e+08 1.188388e+08 1.327768e+08 1.577475e+08 1.634261e+08 1.956037e+08 2.753149e+08 2.935994e+08 2.936011e+08 0.000000e+00
5.868117e+12 9.991011e+07 9.992267e+07 1.022633e+08 1.193727e+08 1.335417e+08 1.588365e+08 1.645276e+08 1.966973e+08 2.763261e+08 2.945973e+08 2.945990e+08 0.000000e+00
5.712843e+12 9.990876e+07 9.992425e+07 1.023980e+08 1.199176e+08 1.343173e+08 1.599335e+08 1.656370e+08 1.977968e+08 2.773412e+08 2.956009e+08 2.956026e+08 0.000000e+00
5.559438e+12 9.990741e+07 9.992639e+07 1.025376e+08 1.204677e+08 1.350952e+08 1.610265e+08 1.667423e+08 1.988905e+08 2.783494e+08 2.965993e+08 2.966010e+08 0.000000e+00
5.411242e+12 9.990605e+07 9.992917e+07 1.026831e+08 1.210269e+08 1.358809e+08 1.621232e+08 1.678507e+08 1.999859e+08 2.793577e+08 2.975996e+08 2.976013e+08 0.000000e+00
5.266999e+12 9.990467e+07 9.993275e+07 1.028365e+08 1.216010e+08 1.366831e+08 1.632355e+08 1.689739e+08 2.010947e+08 2.803770e+08 2.986124e+08 2.986141e+08 0.000000e+00
5.126596e+12 9.990329e+07 9.993716e+07 1.029950e+08 1.221797e+08 1.374870e+08 1.643429e+08 1.700909e+08 2.021957e+08 2.813884e+08 2.996187e+08 2.996204e+08 0.000000e+00
4.989938e+12 9.990192e+07 9.994250e+07 1.031585e+08 1.227621e+08 1.382915e+08 1.654442e+08 1.712004e+08 2.032881e+08 2.823910e+08 3.006176e+08 3.006193e+08 0.000000e+00
4.856923e+12 9.990053e+07 9.994899e+07 1.033303e+08 1.233595e+08 1.391118e+08 1.665601e+08 1.723240e+08 2.043928e+08 2.834040e+08 3.016284e+08 3.016301e+08 0.000000e+00
4.728631e+12 9.989913e+07 9.995673e+07 1.035090e+08 1.239661e+08 1.399393e+08 1.676787e+08 1.734498e+08 2.054981e+08 2.844168e+08 3.026406e+08 3.026423e+08 0.000000e+00
4.601436e+12 9.989773e+07 9.996578e+07 1.036929e+08 1.245760e+08 1.407660e+08 1.687890e+08 1.745671e+08 2.065932e+08 2.854198e+08 3.036446e+08 3.036463e+08 0.000000e+00
4.478777e+12 9.989633e+07 9.997636e+07 1.038840e+08 1.251954e+08 1.416005e+08 1.699024e+08 1.756869e+08 2.076897e+08 2.864234e+08 3.046508e+08 3.046525e+08 0.000000e+00
4.359455e+12 9.989491e+07 9.998876e+07 1.040842e+08 1.258298e+08 1.424499e+08 1.710285e+08 1.768194e+08 2.087971e+08 2.874362e+08 3.056677e+08 3.056695e+08 0.000000e+00
4.243181e+12 9.989349e+07 1.000029e+08 1.042898e+08 1.264668e+08 1.432974e+08 1.721452e+08 1.779423e+08 2.098938e+08 2.884385e+08 3.066753e+08 3.066770e+08 0.000000e+00
4.130072e+12 9.989209e+07 1.000189e+08 1.045006e+08 1.271057e+08 1.441427e+08 1.732518e+08 1.790549e+08 2.109793e+08 2.894299e+08 3.076736e+08 3.076753e+08 0.000000e+00
4.019978e+12 9.989066e+07 1.000373e+08 1.047210e+08 1.277594e+08 1.450029e+08 1.743708e+08 1.801796e+08 2.120755e+08 2.904306e+08 3.086825e+08 3.086842e+08 0.000000e+00
3.913809e+12 9.988923e+07 1.000581e+08 1.049493e+08 1.284220e+08 1.458697e+08 1.754919e+08 1.813060e+08 2.131719e+08 2.914318e+08 3.096924e+08 3.096941e+08 0.000000e+00
3.808516e+12 9.988780e+07 1.000812e+08 1.051828e+08 1.290854e+08 1.467326e+08 1.766016e+08 1.824207e+08 2.142555e+08 2.924257e+08 3.106914e+08 3.106931e+08 0.000000e+00
3.706994e+12 9.988638e+07 1.001070e+08 1.054234e+08 1.297556e+08 1.475993e+08 1.777099e+08 1.835334e+08 2.153362e+08 2.934294e+08 3.116886e+08 3.116903e+08 0.000000e+00
3.608178e+12 9.988494e+07 1.001361e+08 1.056745e+08 1.304406e+08 1.484802e+08 1.788295e+08 1.846570e+08 2.164267e+08 2.944550e+08 3.126957e+08 3.126974e+08 0.000000e+00
3.512434e+12 9.988353e+07 1.001681e+08 1.059318e+08 1.311284e+08 1.493606e+08 1.799414e+08 1.857722e+08 2.175085e+08 2.954851e+08 3.137020e+08 3.137037e+08 0.000000e+00
3.418378e+12 9.988217e+07 1.002030e+08 1.061937e+08 1.318152e+08 1.502352e+08 1.810397e+08 1.868731e+08 2.185759e+08 2.965034e+08 3.146969e+08 3.146986e+08 0.000000e+00
3.327255e+12 9.988093e+07 1.002416e+08 1.064650e+08 1.325129e+08 1.511193e+08 1.821435e+08 1.879791e+08 2.196475e+08 2.975248e+08 3.156949e+08 3.156966e+08 0.000000e+00
3.238646e+12 9.988002e+07 1.002843e+08 1.067471e+08 1.332246e+08 1.520163e+08 1.832570e+08 1.890941e+08 2.207272e+08 2.985532e+08 3.166998e+08 3.167015e+08 0.000000e+00
3.152233e+12 9.987990e+07 1.003304e+08 1.070339e+08 1.339350e+08 1.529066e+08 1.843558e+08 1.901940e+08 2.217917e+08 2.995666e+08 3.176901e+08 3.176918e+08 0.000000e+00
3.068205e+12 9.988139e+07 1.003798e+08 1.073252e+08 1.346438e+08 1.537897e+08 1.854401e+08 1.912792e+08 2.228413e+08 3.005652e+08 3.186661e+08 3.186678e+08 0.000000e+00
2.986417e+12 9.988592e+07 1.004339e+08 1.076275e+08 1.353664e+08 1.546853e+08 1.865338e+08 1.923738e+08 2.238992e+08 3.015711e+08 3.196493e+08 3.196510e+08 0.000000e+00
2.907130e+12 9.988750e+07 1.004850e+08 1.079320e+08 1.360916e+08 1.555812e+08 1.876241e+08 1.934647e+08 2.249529e+08 3.025726e+08 3.206283e+08 3.206300e+08 0.000000e+00
2.829323e+12 9.988749e+07 1.005323e+08 1.082331e+08 1.368056e+08 1.564606e+08 1.886902e+08 1.945313e+08 2.259826e+08 3.035508e+08 3.215846e+08 3.215863e+08 0.000000e+00
2.753903e+12 9.988676e+07 1.005764e+08 1.085317e+08 1.375110e+08 1.573267e+08 1.897364e+08 1.955778e+08 2.269924e+08 3.045098e+08 3.225221e+08 3.225238e+08 0.000000e+00
2.680493e+12 9.988570e+07 1.006183e+08 1.088338e+08 1.382215e+08 1.581965e+08 1.907831e+08 1.966248e+08 2.280022e+08 3.054682e+08 3.234592e+08 3.234609e+08 0.000000e+00
2.609337e+12 9.988449e+07 1.006580e+08 1.091385e+08 1.389342e+08 1.590659e+08 1.918260e+08 1.976678e+08 2.290076e+08 3.064220e+08 3.243919e+08 3.243936e+08 0.000000e+00
2.539492e+12 9.988325e+07 1.006948e+08 1.094397e+08 1.396347e+08 1.599181e+08 1.928450e+08 1.986867e+08 2.299891e+08 3.073528e+08 3.253022e+08 3.253039e+08 0.000000e+00
2.471797e+12 9.988200e+07 1.007293e+08 1.097385e+08 1.403257e+08 1.607565e+08 1.938441e+08 1.996856e+08 2.309510e+08 3.082647e+08 3.261940e+08 3.261957e+08 0.000000e+00
2.405907e+12 9.988073e+07 1.007623e+08 1.100411e+08 1.410211e+08 1.615979e+08 1.948434e+08 2.006845e+08 2.319123e+08 3.091758e+08 3.270851e+08 3.270868e+08 0.000000e+00
2.341804e+12 9.987945e+07 1.007938e+08 1.103475e+08 1.417206e+08 1.624417e+08 1.958422e+08 2.016827e+08 2.328728e+08 3.100858e+08 3.279751e+08 3.279768e+08 0.000000e+00
2.279350e+12 9.987818e+07 1.008234e+08 1.106506e+08 1.424077e+08 1.632680e+08 1.968171e+08 2.026567e+08 2.338099e+08 3.109731e+08 3.288432e+08 3.288449e+08 0.000000e+00
2.218590e+12 9.987694e+07 1.008511e+08 1.109503e+08 1.430823e+08 1.640770e+08 1.977682e+08 2.036067e+08 2.347239e+08 3.118383e+08 3.296897e+08 3.296914e+08 0.000000e+00
2.159450e+12 9.987568e+07 1.008780e+08 1.112539e+08 1.437609e+08 1.648884e+08 1.987191e+08 2.045561e+08 2.356372e+08 3.127026e+08 3.305354e+08 3.305371e+08 0.000000e+00
2.101886e+12 9.987442e+07 1.009040e+08 1.115616e+08 1.444433e+08 1.657020e+08 1.996696e+08 2.055050e+08 2.365498e+08 3.135659e+08 3.313803e+08 3.313820e+08 0.000000e+00
2.046329e+12 9.987316e+07 1.009289e+08 1.118683e+08 1.451184e+08 1.665047e+08 2.006044e+08 2.064378e+08 2.374468e+08 3.144144e+08 3.322106e+08 3.322123e+08 0.000000e+00
1.991321e+12 9.987193e+07 1.009526e+08 1.121714e+08 1.457802e+08 1.672894e+08 2.015154e+08 2.073469e+08 2.383207e+08 3.152408e+08 3.330194e+08 3.330211e+08 0.000000e+00
1.938239e+12 9.987070e+07 1.009757e+08 1.124758e+08 1.464398e+08 1.680691e+08 2.024179e+08 2.082474e+08 2.391864e+08 3.160591e+08 3.338204e+08 3.338221e+08 0.000000e+00
1.886572e+12 9.986946e+07 1.009985e+08 1.127844e+08 1.471026e+08 1.688504e+08 2.033196e+08 2.091471e+08 2.400511e+08 3.168765e+08 3.346204e+08 3.346221e+08 0.000000e+00
1.836382e+12 9.986821e+07 1.010211e+08 1.130965e+08 1.477677e+08 1.696318e+08 2.042187e+08 2.100440e+08 2.409130e+08 3.176911e+08 3.354179e+08 3.354195e+08 0.000000e+00
1.787334e+12 9.986698e+07 1.010430e+08 1.134052e+08 1.484197e+08 1.703954e+08 2.050945e+08 2.109177e+08 2.417528e+08 3.184844e+08 3.361946e+08 3.361962e+08 0.000000e+00
1.739689e+12 9.986577e+07 1.010644e+08 1.137108e+08 1.490596e+08 1.711422e+08 2.059489e+08 2.117699e+08 2.425731e+08 3.192581e+08 3.369521e+08 3.369538e+08 0.000000e+00
1.693315e+12 9.986456e+07 1.010860e+08 1.140204e+08 1.497024e+08 1.718903e+08 2.068021e+08 2.126210e+08 2.433937e+08 3.200306e+08 3.377085e+08 3.377102e+08 0.000000e+00
1.648177e+12 9.986334e+07 1.011078e+08 1.143342e+08 1.503481e+08 1.726395e+08 2.076543e+08 2.134708e+08 2.442144e+08 3.208018e+08 3.384639e+08 3.384655e+08 0.000000e+00
1.604474e+12 9.986212e+07 1.011298e+08 1.146505e+08 1.509932e+08 1.733860e+08 2.085008e+08 2.143150e+08 2.450308e+08 3.215678e+08 3.392140e+08 3.392156e+08 0.000000e+00
1.561478e+12 9.986092e+07 1.011517e+08 1.149631e+08 1.516248e+08 1.741148e+08 2.093250e+08 2.151368e+08 2.458282e+08 3.223132e+08 3.399440e+08 3.399457e+08 0.000000e+00
1.519854e+12 9.985974e+07 1.011737e+08 1.152733e+08 1.522461e+08 1.748295e+08 2.101311e+08 2.159406e+08 2.466164e+08 3.230423e+08 3.406581e+08 3.406597e+08 0.000000e+00
1.479340e+12 9.985855e+07 1.011963e+08 1.155874e+08 1.528696e+08 1.755450e+08 2.109359e+08 2.167431e+08 2.474118e+08 3.237700e+08 3.413709e+08 3.413725e+08 0.000000e+00
1.439906e+12 9.985736e+07 1.012197e+08 1.159057e+08 1.534954e+08 1.762612e+08 2.117393e+08 2.175441e+08 2.482142e+08 3.244964e+08 3.420824e+08 3.420840e+08 0.000000e+00
1.401525e+12 9.985615e+07 1.012440e+08 1.162280e+08 1.541235e+08 1.769781e+08 2.125414e+08 2.183437e+08 2.490186e+08 3.252213e+08 3.427925e+08 3.427942e+08 0.000000e+00
1.364163e+12 9.985498e+07 1.012686e+08 1.165464e+08 1.547379e+08 1.776778e+08 2.133219e+08 2.191218e+08 2.498008e+08 3.259267e+08 3.434836e+08 3.434852e+08 0.000000e+00
1.327799e+12 9.985383e+07 1.012936e+08 1.168603e+08 1.553381e+08 1.783598e+08 2.140808e+08 2.198782e+08 2.505610e+08 3.266125e+08 3.441554e+08 3.441570e+08 0.000000e+00
1.292404e+12 9.985268e+07 1.013197e+08 1.171782e+08 1.559401e+08 1.790423e+08 2.148383e+08 2.206336e+08 2.513193e+08 3.272968e+08 3.448258e+08 3.448275e+08 0.000000e+00
1.257953e+12 9.985152e+07 1.013471e+08 1.175000e+08 1.565439e+08 1.797251e+08 2.155941e+08 2.213887e+08 2.520757e+08 3.279797e+08 3.454949e+08 3.454965e+08 0.000000e+00
1.224420e+12 9.985036e+07 1.013758e+08 1.178257e+08 1.571494e+08 1.804081e+08 2.163483e+08 2.221433e+08 2.528300e+08 3.286610e+08 3.461625e+08 3.461641e+08 0.000000e+00
1.192079e+12 9.984920e+07 1.014058e+08 1.181525e+08 1.577512e+08 1.810850e+08 2.170940e+08 2.228906e+08 2.535755e+08 3.293345e+08 3.468225e+08 3.468241e+08 0.000000e+00
1.160012e+12 9.984807e+07 1.014366e+08 1.184744e+08 1.583389e+08 1.817446e+08 2.178186e+08 2.236178e+08 2.542996e+08 3.299890e+08 3.474638e+08 3.474655e+08 0.000000e+00
1.129090e+12 9.984696e+07 1.014685e+08 1.187945e+08 1.589180e+08 1.823929e+08 2.185292e+08 2.243319e+08 2.550093e+08 3.306307e+08 3.480927e+08 3.480944e+08 0.000000e+00
1.098993e+12 9.984585e+07 1.015021e+08 1.191182e+08 1.594985e+08 1.830412e+08 2.192381e+08 2.250452e+08 2.557169e+08 3.312708e+08 3.487201e+08 3.487217e+08 0.000000e+00
1.069697e+12 9.984473e+07 1.015376e+08 1.194455e+08 1.600803e+08 1.836893e+08 2.199452e+08 2.257578e+08 2.564226e+08 3.319092e+08 3.493459e+08 3.493476e+08 0.000000e+00
1.041183e+12 9.984360e+07 1.015751e+08 1.197767e+08 1.606633e+08 1.843372e+08 2.206510e+08 2.264696e+08 2.571261e+08 3.325461e+08 3.499701e+08 3.499718e+08 0.000000e+00
1.013553e+12 9.984249e+07 1.016146e+08 1.201102e+08 1.612449e+08 1.849819e+08 2.213529e+08 2.271773e+08 2.578244e+08 3.331784e+08 3.505900e+08 3.505916e+08 0.000000e+00
9.864135e+11 9.984140e+07 1.016552e+08 1.204381e+08 1.618113e+08 1.856084e+08 2.220344e+08 2.278643e+08 2.585011e+08 3.337915e+08 3.511909e+08 3.511926e+08 0.000000e+00
9.601190e+11 9.984034e+07 1.016971e+08 1.207614e+08 1.623649e+08 1.862194e+08 2.227000e+08 2.285338e+08 2.591594e+08 3.343881e+08 3.517758e+08 3.517775e+08 0.000000e+00
9.345254e+11 9.983928e+07 1.017412e+08 1.210882e+08 1.629193e+08 1.868298e+08 2.233682e+08 2.292020e+08 2.598156e+08 3.349831e+08 3.523591e+08 3.523607e+08 0.000000e+00
9.096141e+11 9.983822e+07 1.017879e+08 1.214183e+08 1.634746e+08 1.874398e+08 2.240388e+08 2.298690e+08 2.604697e+08 3.355764e+08 3.529407e+08 3.529423e+08 0.000000e+00
8.853668e+11 9.983716e+07 1.018371e+08 1.217518e+08 1.640306e+08 1.880492e+08 2.247120e+08 2.305383e+08 2.611217e+08 3.361679e+08 3.535206e+08 3.535223e+08 0.000000e+00
8.617659e+11 9.983610e+07 1.018890e+08 1.220886e+08 1.645873e+08 1.886581e+08 2.253877e+08 2.312100e+08 2.617714e+08 3.367576e+08 3.540989e+08 3.541005e+08 0.000000e+00
8.389448e+11 9.983505e+07 1.019435e+08 1.224266e+08 1.651411e+08 1.892624e+08 2.260613e+08 2.318797e+08 2.624147e+08 3.373416e+08 3.546715e+08 3.546732e+08 0.000000e+00
8.164347e+11 9.983404e+07 1.019992e+08 1.227569e+08 1.656779e+08 1.898468e+08 2.267147e+08 2.325293e+08 2.630353e+08 3.379052e+08 3.552242e+08 3.552258e+08 0.000000e+00
7.946713e+11 9.983306e+07 1.020562e+08 1.230816e+08 1.662010e+08 1.904151e+08 2.273487e+08 2.331595e+08 2.636375e+08 3.384523e+08 3.557607e+08 3.557623e+08 0.000000e+00
7.734880e+11 9.983208e+07 1.021161e+08 1.234092e+08 1.667244e+08 1.909827e+08 2.279804e+08 2.337874e+08 2.642375e+08 3.389976e+08 3.562954e+08 3.562971e+08 0.000000e+00
7.528694e+11 9.983111e+07 1.021790e+08 1.237396e+08 1.672481e+08 1.915494e+08 2.286096e+08 2.344129e+08 2.648354e+08 3.395411e+08 3.568284e+08 3.568301e+08 0.000000e+00
7.328004e+11 9.983013e+07 1.022452e+08 1.240729e+08 1.677720e+08 1.921153e+08 2.292364e+08 2.350360e+08 2.654310e+08 3.400828e+08 3.573597e+08 3.573613e+08 0.000000e+00
7.132664e+11 9.982916e+07 1.023146e+08 1.244090e+08 1.682961e+08 1.926804e+08 2.298609e+08 2.356567e+08 2.660244e+08 3.406227e+08 3.578891e+08 3.578907e+08 0.000000e+00
6.942531e+11 9.982819e+07 1.023874e+08 1.247479e+08 1.688204e+08 1.932445e+08 2.304829e+08 2.362750e+08 2.666156e+08 3.411607e+08 3.584167e+08 3.584184e+08 0.000000e+00
6.757007e+11 9.982722e+07 1.024640e+08 1.250906e+08 1.693461e+08 1.938090e+08 2.311041e+08 2.368924e+08 2.672061e+08 3.416981e+08 3.589439e+08 3.589455e+08 0.000000e+00
6.577335e+11 9.982623e+07 1.025458e+08 1.254424e+08 1.698815e+08 1.943829e+08 2.317340e+08 2.375185e+08 2.678050e+08 3.422434e+08 3.594788e+08 3.594804e+08 0.000000e+00
6.402005e+11 9.982524e+07 1.026329e+08 1.258024e+08 1.704247e+08 1.949641e+08 2.323706e+08 2.381511e+08 2.684102e+08 3.427945e+08 3.600196e+08 3.600212e+08 0.000000e+00
6.231349e+11 9.982425e+07 1.027241e+08 1.261650e+08 1.709674e+08 1.955438e+08 2.330040e+08 2.387806e+08 2.690126e+08 3.433432e+08 3.605579e+08 3.605595e+08 0.000000e+00
6.065242e+11 9.982326e+07 1.028197e+08 1.265302e+08 1.715096e+08 1.961219e+08 2.336342e+08 2.394070e+08 2.696120e+08 3.438893e+08 3.610938e+08 3.610955e+08 0.000000e+00
5.903563e+11 9.982228e+07 1.029197e+08 1.268981e+08 1.720514e+08 1.966983e+08 2.342613e+08 2.400301e+08 2.702085e+08 3.444330e+08 3.616273e+08 3.616289e+08 0.000000e+00
5.746193e+11 9.982129e+07 1.030244e+08 1.272685e+08 1.725926e+08 1.972731e+08 2.348852e+08 2.406501e+08 2.708021e+08 3.449741e+08 3.621583e+08 3.621599e+08 0.000000e+00
5.593019e+11 9.982031e+07 1.031337e+08 1.276414e+08 1.731332e+08 1.978463e+08 2.355059e+08 2.412669e+08 2.713926e+08 3.455126e+08 3.626867e+08 3.626884e+08 0.000000e+00
5.443928e+11 9.981932e+07 1.032480e+08 1.280169e+08 1.736733e+08 1.984177e+08 2.361233e+08 2.418805e+08 2.719802e+08 3.460486e+08 3.632127e+08 3.632143e+08 0.000000e+00
5.285283e+11 9.981824e+07 1.033796e+08 1.284336e+08 1.742681e+08 1.990459e+08 2.368006e+08 2.425534e+08 2.726248e+08 3.466367e+08 3.637898e+08 3.637915e+08 0.000000e+00
5.157562e+11 9.981693e+07 1.035484e+08 1.289455e+08 1.749924e+08 1.998115e+08 2.376213e+08 2.433689e+08 2.734060e+08 3.473498e+08 3.644895e+08 3.644912e+08 0.000000e+00
5.020078e+11 9.981559e+07 1.037464e+08 1.295150e+08 1.757891e+08 2.006577e+08 2.385188e+08 2.442608e+08 2.742606e+08 3.481299e+08 3.652551e+08 3.652567e+08 0.000000e+00
4.886260e+11 9.981453e+07 1.039562e+08 1.300885e+08 1.765825e+08 2.015042e+08 2.394075e+08 2.451438e+08 2.751068e+08 3.489026e+08 3.660134e+08 3.660150e+08 0.000000e+00
4.756008e+11 9.981409e+07 1.041783e+08 1.306658e+08 1.773724e+08 2.023508e+08 2.402872e+08 2.460179e+08 2.759447e+08 3.496679e+08 3.667643e+08 3.667659e+08 0.000000e+00
4.629229e+11 9.981492e+07 1.044133e+08 1.312469e+08 1.781589e+08 2.031975e+08 2.411579e+08 2.468830e+08 2.767741e+08 3.504257e+08 3.675079e+08 3.675095e+08 0.000000e+00
4.505573e+11 9.981819e+07 1.046621e+08 1.318330e+08 1.789434e+08 2.040459e+08 2.420216e+08 2.477410e+08 2.775968e+08 3.511776e+08 3.682458e+08 3.682474e+08 0.000000e+00
4.385718e+11 9.982756e+07 1.049823e+08 1.325521e+08 1.798955e+08 2.050799e+08 2.430637e+08 2.487763e+08 2.785896e+08 3.520852e+08 3.691365e+08 3.691381e+08 0.000000e+00
4.268809e+11 9.984759e+07 1.053636e+08 1.333689e+08 1.809660e+08 2.062271e+08 2.442290e+08 2.499338e+08 2.796998e+08 3.531000e+08 3.701323e+08 3.701339e+08 0.000000e+00
4.155017e+11 9.987296e+07 1.057364e+08 1.341497e+08 1.819845e+08 2.073053e+08 2.453343e+08 2.510317e+08 2.807529e+08 3.540625e+08 3.710765e+08 3.710782e+08 0.000000e+00
4.044258e+11 9.989948e+07 1.060930e+08 1.348917e+08 1.829517e+08 2.083198e+08 2.463824e+08 2.520727e+08 2.817516e+08 3.549750e+08 3.719718e+08 3.719734e+08 0.000000e+00
3.932530e+11 9.992371e+07 1.064412e+08 1.356194e+08 1.839023e+08 2.093200e+08 2.474126e+08 2.530960e+08 2.827331e+08 3.558719e+08 3.728516e+08 3.728532e+08 0.000000e+00
3.831519e+11 9.994214e+07 1.067997e+08 1.363772e+08 1.848956e+08 2.103738e+08 2.484894e+08 2.541655e+08 2.837593e+08 3.568096e+08 3.737714e+08 3.737730e+08 0.000000e+00
3.729383e+11 9.995510e+07 1.071657e+08 1.371594e+08 1.859225e+08 2.114794e+08 2.496020e+08 2.552708e+08 2.848200e+08 3.577792e+08 3.747225e+08 3.747241e+08 0.000000e+00
3.629970e+11 9.996342e+07 1.075239e+08 1.379336e+08 1.869409e+08 2.125795e+08 2.507049e+08 2.563664e+08 2.858717e+08 3.587408e+08 3.756660e+08 3.756676e+08 0.000000e+00
3.532304e+11 9.996850e+07 1.078781e+08 1.387084e+08 1.879698e+08 2.136819e+08 2.518105e+08 2.574647e+08 2.869262e+08 3.597055e+08 3.766123e+08 3.766139e+08 0.000000e+00
3.439024e+11 9.997127e+07 1.082308e+08 1.394896e+08 1.890184e+08 2.147957e+08 2.529281e+08 2.585750e+08 2.879924e+08 3.606813e+08 3.775695e+08 3.775711e+08 0.000000e+00
3.347351e+11 9.997241e+07 1.085771e+08 1.402667e+08 1.900671e+08 2.159068e+08 2.540432e+08 2.596830e+08 2.890566e+08 3.616556e+08 3.785253e+08 3.785269e+08 0.000000e+00
3.258122e+11 9.997246e+07 1.089137e+08 1.410316e+08 1.911060e+08 2.170039e+08 2.551449e+08 2.607776e+08 2.901082e+08 3.626186e+08 3.794699e+08 3.794715e+08 0.000000e+00
3.171313e+11 9.997184e+07 1.092395e+08 1.417811e+08 1.921307e+08 2.180828e+08 2.562289e+08 2.618547e+08 2.911431e+08 3.635664e+08 3.803997e+08 3.804012e+08 0.000000e+00
3.086736e+11 9.997082e+07 1.095541e+08 1.425143e+08 1.931397e+08 2.191427e+08 2.572944e+08 2.629134e+08 2.921606e+08 3.644983e+08 3.813138e+08 3.813154e+08 0.000000e+00
3.004454e+11 9.996953e+07 1.098585e+08 1.432334e+08 1.941357e+08 2.201866e+08 2.583444e+08 2.639567e+08 2.931635e+08 3.654170e+08 3.822149e+08 3.822165e+08 0.000000e+00
2.924611e+11 9.996807e+07 1.101515e+08 1.439356e+08 1.951207e+08 2.212112e+08 2.593757e+08 2.649815e+08 2.941488e+08 3.663195e+08 3.831002e+08 3.831018e+08 0.000000e+00
2.846411e+11 9.996654e+07 1.104303e+08 1.446136e+08 1.960869e+08 2.222066e+08 2.603780e+08 2.659776e+08 2.951066e+08 3.671971e+08 3.839607e+08 3.839623e+08 0.000000e+00
2.770535e+11 9.996499e+07 1.106961e+08 1.452699e+08 1.970272e+08 2.231760e+08 2.613549e+08 2.669485e+08 2.960403e+08 3.680525e+08 3.847995e+08 3.848011e+08 0.000000e+00
2.696682e+11 9.996342e+07 1.109513e+08 1.459105e+08 1.979505e+08 2.241287e+08 2.623156e+08 2.679035e+08 2.969587e+08 3.688939e+08 3.856245e+08 3.856260e+08 0.000000e+00
2.625221e+11 9.996185e+07 1.111940e+08 1.465298e+08 1.988487e+08 2.250565e+08 2.632518e+08 2.688341e+08 2.978539e+08 3.697138e+08 3.864282e+08 3.864298e+08 0.000000e+00
2.554829e+11 9.996028e+07 1.114228e+08 1.471241e+08 1.997168e+08 2.259541e+08 2.641582e+08 2.697351e+08 2.987207e+08 3.705074e+08 3.872063e+08 3.872079e+08 0.000000e+00
2.486726e+11 9.995871e+07 1.116397e+08 1.476986e+08 2.005623e+08 2.268293e+08 2.650427e+08 2.706142e+08 2.995666e+08 3.712817e+08 3.879652e+08 3.879668e+08 0.000000e+00
2.420438e+11 9.995714e+07 1.118457e+08 1.482558e+08 2.013896e+08 2.276866e+08 2.659098e+08 2.714762e+08 3.003961e+08 3.720406e+08 3.887090e+08 3.887106e+08 0.000000e+00
2.356001e+11 9.995560e+07 1.120385e+08 1.487892e+08 2.021892e+08 2.285162e+08 2.667498e+08 2.723112e+08 3.011995e+08 3.727755e+08 3.894290e+08 3.894306e+08 0.000000e+00
2.293117e+11 9.995407e+07 1.122181e+08 1.492983e+08 2.029604e+08 2.293175e+08 2.675618e+08 2.731186e+08 3.019761e+08 3.734855e+08 3.901246e+08 3.901261e+08 0.000000e+00
2.231990e+11 9.995251e+07 1.123862e+08 1.497887e+08 2.037118e+08 2.300991e+08 2.683548e+08 2.739070e+08 3.027345e+08 3.741786e+08 3.908033e+08 3.908048e+08 0.000000e+00
2.172598e+11 9.995093e+07 1.125425e+08 1.502594e+08 2.044424e+08 2.308603e+08 2.691279e+08 2.746756e+08 3.034738e+08 3.748537e+08 3.914642e+08 3.914658e+08 0.000000e+00
2.114581e+11 9.994936e+07 1.126853e+08 1.507062e+08 2.051458e+08 2.315945e+08 2.698743e+08 2.754177e+08 3.041875e+08 3.755049e+08 3.921016e+08 3.921032e+08 0.000000e+00
2.058213e+11 9.994781e+07 1.128151e+08 1.511353e+08 2.058234e+08 2.323030e+08 2.705955e+08 2.761348e+08 3.048770e+08 3.761334e+08 3.927167e+08 3.927183e+08 0.000000e+00
2.003348e+11 9.994628e+07 1.129324e+08 1.515501e+08 2.064805e+08 2.329915e+08 2.712972e+08 2.768325e+08 3.055477e+08 3.767442e+08 3.933142e+08 3.933158e+08 0.000000e+00
1.950139e+11 9.994477e+07 1.130367e+08 1.519479e+08 2.071141e+08 2.336568e+08 2.719761e+08 2.775075e+08 3.061966e+08 3.773344e+08 3.938913e+08 3.938928e+08 0.000000e+00
1.897967e+11 9.994328e+07 1.131273e+08 1.523231e+08 2.077211e+08 2.342955e+08 2.726290e+08 2.781566e+08 3.068204e+08 3.779010e+08 3.944450e+08 3.944466e+08 0.000000e+00
1.847373e+11 9.994179e+07 1.132040e+08 1.526740e+08 2.083036e+08 2.349098e+08 2.732580e+08 2.787820e+08 3.074213e+08 3.784459e+08 3.949774e+08 3.949789e+08 0.000000e+00
1.798128e+11 9.994030e+07 1.132665e+08 1.530015e+08 2.088636e+08 2.355022e+08 2.738655e+08 2.793860e+08 3.080015e+08 3.789711e+08 3.954901e+08 3.954916e+08 0.000000e+00
1.750290e+11 9.993882e+07 1.133141e+08 1.533034e+08 2.093977e+08 2.360689e+08 2.744479e+08 2.799650e+08 3.085573e+08 3.794733e+08 3.959801e+08 3.959816e+08 0.000000e+00
1.703542e+11 9.993737e+07 1.133463e+08 1.535788e+08 2.099047e+08 2.366088e+08 2.750039e+08 2.805177e+08 3.090875e+08 3.799513e+08 3.964462e+08 3.964477e+08 0.000000e+00
1.658131e+11 9.993594e+07 1.133629e+08 1.538287e+08 2.103868e+08 2.371240e+08 2.755358e+08 2.810464e+08 3.095944e+08 3.804071e+08 3.968903e+08 3.968918e+08 0.000000e+00
1.613932e+11 9.993453e+07 1.133634e+08 1.540529e+08 2.108441e+08 2.376150e+08 2.760439e+08 2.815516e+08 3.100783e+08 3.808410e+08 3.973126e+08 3.973141e+08 0.000000e+00
1.570909e+11 9.993314e+07 1.133470e+08 1.542493e+08 2.112732e+08 2.380778e+08 2.765244e+08 2.820292e+08 3.105354e+08 3.812496e+08 3.977098e+08 3.977113e+08 0.000000e+00
1.529034e+11 9.993176e+07 1.133134e+08 1.544177e+08 2.116740e+08 2.385126e+08 2.769772e+08 2.824792e+08 3.109657e+08 3.816327e+08 3.980818e+08 3.980833e+08 0.000000e+00
1.488275e+11 9.993038e+07 1.132617e+08 1.545588e+08 2.120484e+08 2.389214e+08 2.774046e+08 2.829040e+08 3.113713e+08 3.819922e+08 3.984304e+08 3.984320e+08 0.000000e+00
1.448677e+11 9.992900e+07 1.131913e+08 1.546712e+08 2.123949e+08 2.393027e+08 2.778051e+08 2.833020e+08 3.117508e+08 3.823267e+08 3.987542e+08 3.987558e+08 0.000000e+00
1.409988e+11 9.992756e+07 1.131017e+08 1.547542e+08 2.127115e+08 2.396543e+08 2.781764e+08 2.836710e+08 3.121020e+08 3.826342e+08 3.990513e+08 3.990529e+08 0.000000e+00
1.372402e+11 9.992601e+07 1.129923e+08 1.548073e+08 2.129984e+08 2.399766e+08 2.785190e+08 2.840113e+08 3.124252e+08 3.829151e+08 3.993220e+08 3.993235e+08 0.000000e+00
1.335818e+11 9.992422e+07 1.128618e+08 1.548303e+08 2.132564e+08 2.402704e+08 2.788335e+08 2.843237e+08 3.127211e+08 3.831698e+08 3.995667e+08 3.995683e+08 0.000000e+00
1.300296e+11 9.992207e+07 1.127096e+08 1.548220e+08 2.134834e+08 2.405336e+08 2.791180e+08 2.846063e+08 3.129879e+08 3.833967e+08 3.997838e+08 3.997854e+08 0.000000e+00
1.265551e+11 9.991934e+07 1.125355e+08 1.547822e+08 2.136787e+08 2.407652e+08 2.793715e+08 2.848579e+08 3.132244e+08 3.835948e+08 3.999724e+08 3.999740e+08 0.000000e+00
1.231815e+11 9.991561e+07 1.123382e+08 1.547102e+08 2.138425e+08 2.409658e+08 2.795946e+08 2.850792e+08 3.134313e+08 3.837645e+08 4.001328e+08 4.001344e+08 0.000000e+00
1.198979e+11 9.991021e+07 1.121160e+08 1.546048e+08 2.139743e+08 2.411350e+08 2.797868e+08 2.852698e+08 3.136082e+08 3.839053e+08 4.002647e+08 4.002662e+08 0.000000e+00
1.167025e+11 9.990226e+07 1.118695e+08 1.544660e+08 2.140726e+08 2.412709e+08 2.799463e+08 2.854278e+08 3.137532e+08 3.840157e+08 4.003663e+08 4.003679e+08 0.000000e+00
1.135910e+11 9.989040e+07 1.115981e+08 1.542937e+08 2.141372e+08 2.413733e+08 2.800728e+08 2.855531e+08 3.138662e+08 3.840956e+08 4.004377e+08 4.004392e+08 0.000000e+00
1.105630e+11 9.987257e+07 1.112990e+08 1.540858e+08 2.141678e+08 2.414423e+08 2.801666e+08 2.856457e+08 3.139472e+08 3.841447e+08 4.004786e+08 4.004801e+08 0.000000e+00
1.076229e+11 9.984602e+07 1.109718e+08 1.538419e+08 2.141633e+08 2.414767e+08 2.802264e+08 2.857045e+08 3.139951e+08 3.841622e+08 4.004880e+08 4.004896e+08 0.000000e+00
1.047471e+11 9.980742e+07 1.106155e+08 1.535625e+08 2.141233e+08 2.414759e+08 2.802516e+08 2.857288e+08 3.140093e+08 3.841474e+08 4.004655e+08 4.004671e+08 0.000000e+00
1.019549e+11 9.975254e+07 1.102249e+08 1.532465e+08 2.140474e+08 2.414396e+08 2.802419e+08 2.857183e+08 3.139894e+08 3.841000e+08 4.004108e+08 4.004123e+08 0.000000e+00
9.923711e+10 9.967611e+07 1.097983e+08 1.528915e+08 2.139342e+08 2.413666e+08 2.801964e+08 2.856722e+08 3.139346e+08 3.840191e+08 4.003227e+08 4.003242e+08 0.000000e+00
9.659747e+10 9.961900e+07 1.093865e+08 1.525411e+08 2.138223e+08 2.412941e+08 2.801506e+08 2.856257e+08 3.138794e+08 3.839375e+08 4.002339e+08 4.002354e+08 0.000000e+00
9.401697e+10 9.957689e+07 1.089900e+08 1.521961e+08 2.137118e+08 2.412222e+08 2.801045e+08 2.855789e+08 3.138238e+08 3.838554e+08 4.001445e+08 4.001461e+08 0.000000e+00
9.151079e+10 9.954579e+07 1.086062e+08 1.518544e+08 2.136022e+08 2.411503e+08 2.800579e+08 2.855316e+08 3.137675e+08 3.837723e+08 4.000541e+08 4.000557e+08 0.000000e+00
8.907392e+10 9.952266e+07 1.082343e+08 1.515157e+08 2.134932e+08 2.410786e+08 2.800107e+08 2.854837e+08 3.137105e+08 3.836881e+08 3.999626e+08 3.999641e+08 0.000000e+00
8.669707e+10 9.950523e+07 1.078767e+08 1.511825e+08 2.133857e+08 2.410074e+08 2.799633e+08 2.854355e+08 3.136531e+08 3.836035e+08 3.998705e+08 3.998721e+08 0.000000e+00
8.438602e+10 9.949161e+07 1.075325e+08 1.508544e+08 2.132795e+08 2.409367e+08 2.799156e+08 2.853869e+08 3.135954e+08 3.835183e+08 3.997779e+08 3.997794e+08 0.000000e+00
8.213657e+10 9.948042e+07 1.071939e+08 1.505289e+08 2.131739e+08 2.408659e+08 2.798673e+08 2.853377e+08 3.135369e+08 3.834319e+08 3.996839e+08 3.996854e+08 0.000000e+00
7.995570e+10 9.947073e+07 1.068627e+08 1.502076e+08 2.130693e+08 2.407955e+08 2.798185e+08 2.852881e+08 3.134778e+08 3.833447e+08 3.995891e+08 3.995906e+08 0.000000e+00
7.781596e+10 9.946205e+07 1.065424e+08 1.498918e+08 2.129661e+08 2.407255e+08 2.797695e+08 2.852382e+08 3.134184e+08 3.832571e+08 3.994938e+08 3.994953e+08 0.000000e+00
7.574165e+10 9.945400e+07 1.062332e+08 1.495799e+08 2.128638e+08 2.406558e+08 2.797201e+08 2.851878e+08 3.133584e+08 3.831686e+08 3.993975e+08 3.993991e+08 0.000000e+00
7.372263e+10 9.944626e+07 1.059338e+08 1.492707e+08 2.127621e+08 2.405860e+08 2.796700e+08 2.851367e+08 3.132976e+08 3.830789e+08 3.993000e+08 3.993015e+08 0.000000e+00
7.175771e+10 9.943876e+07 1.056466e+08 1.489669e+08 2.126617e+08 2.405168e+08 2.796196e+08 2.850853e+08 3.132365e+08 3.829887e+08 3.992019e+08 3.992034e+08 0.000000e+00
6.984462e+10 9.943138e+07 1.053711e+08 1.486686e+08 2.125627e+08 2.404480e+08 2.795691e+08 2.850337e+08 3.131750e+08 3.828981e+08 3.991034e+08 3.991049e+08 0.000000e+00
6.798279e+10 9.942396e+07 1.051046e+08 1.483729e+08 2.124642e+08 2.403792e+08 2.795178e+08 2.849814e+08 3.131127e+08 3.828062e+08 3.990035e+08 3.990050e+08 0.000000e+00
6.617797e+10 9.941642e+07 1.048480e+08 1.480811e+08 2.123666e+08 2.403106e+08 2.794661e+08 2.849286e+08 3.130498e+08 3.827134e+08 3.989027e+08 3.989042e+08 0.000000e+00
6.440671e+10 9.940883e+07 1.046022e+08 1.477947e+08 2.122703e+08 2.402424e+08 2.794142e+08 2.848755e+08 3.129866e+08 3.826203e+08 3.988014e+08 3.988029e+08 0.000000e+00
6.268984e+10 9.940120e+07 1.043658e+08 1.475124e+08 2.121749e+08 2.401745e+08 2.793618e+08 2.848220e+08 3.129228e+08 3.825263e+08 3.986992e+08 3.987008e+08 0.000000e+00
6.101874e+10 9.939347e+07 1.041374e+08 1.472328e+08 2.120800e+08 2.401065e+08 2.793088e+08 2.847677e+08 3.128582e+08 3.824310e+08 3.985957e+08 3.985972e+08 0.000000e+00
5.939388e+10 9.938571e+07 1.039188e+08 1.469583e+08 2.119863e+08 2.400389e+08 2.792555e+08 2.847131e+08 3.127932e+08 3.823353e+08 3.984916e+08 3.984931e+08 0.000000e+00
5.780899e+10 9.937794e+07 1.037097e+08 1.466890e+08 2.118939e+08 2.399717e+08 2.792019e+08 2.846584e+08 3.127279e+08 3.822391e+08 3.983871e+08 3.983887e+08 0.000000e+00
5.626799e+10 9.937006e+07 1.035079e+08 1.464226e+08 2.118020e+08 2.399045e+08 2.791478e+08 2.846029e+08 3.126618e+08 3.821417e+08 3.982813e+08 3.982829e+08 0.000000e+00
5.477360e+10 9.936211e+07 1.033138e+08 1.461598e+08 2.117108e+08 2.398374e+08 2.790930e+08 2.845468e+08 3.125950e+08 3.820433e+08 3.981744e+08 3.981760e+08 0.000000e+00
5.330814e+10 9.935414e+07 1.031284e+08 1.459022e+08 2.116208e+08 2.397707e+08 2.790381e+08 2.844906e+08 3.125280e+08 3.819446e+08 3.980671e+08 3.980687e+08 0.000000e+00
5.188713e+10 9.934611e+07 1.029506e+08 1.456487e+08 2.115318e+08 2.397042e+08 2.789828e+08 2.844339e+08 3.124604e+08 3.818451e+08 3.979591e+08 3.979606e+08 0.000000e+00
5.050399e+10 9.933797e+07 1.027790e+08 1.453978e+08 2.114430e+08 2.396376e+08 2.789268e+08 2.843764e+08 3.123919e+08 3.817442e+08 3.978495e+08 3.978510e+08 0.000000e+00
4.915988e+10 9.932980e+07 1.026150e+08 1.451515e+08 2.113554e+08 2.395713e+08 2.788704e+08 2.843186e+08 3.123230e+08 3.816429e+08 3.977394e+08 3.977409e+08 0.000000e+00
4.784734e+10 9.932160e+07 1.024584e+08 1.449103e+08 2.112690e+08 2.395054e+08 2.788139e+08 2.842606e+08 3.122539e+08 3.815412e+08 3.976289e+08 3.976304e+08 0.000000e+00
4.657189e+10 9.931330e+07 1.023075e+08 1.446718e+08 2.111829e+08 2.394394e+08 2.787567e+08 2.842019e+08 3.121839e+08 3.814382e+08 3.975171e+08 3.975186e+08 0.000000e+00
4.533486e+10 9.930492e+07 1.021625e+08 1.444366e+08 2.110975e+08 2.393734e+08 2.786989e+08 2.841426e+08 3.121131e+08 3.813341e+08 3.974041e+08 3.974056e+08 0.000000e+00
4.412208e+10 9.929652e+07 1.020242e+08 1.442063e+08 2.110132e+08 2.393078e+08 2.786410e+08 2.840830e+08 3.120422e+08 3.812298e+08 3.972908e+08 3.972923e+08 0.000000e+00
4.294594e+10 9.928807e+07 1.018917e+08 1.439800e+08 2.109297e+08 2.392424e+08 2.785826e+08 2.840231e+08 3.119707e+08 3.811247e+08 3.971767e+08 3.971782e+08 0.000000e+00
4.180114e+10 9.927950e+07 1.017639e+08 1.437560e+08 2.108464e+08 2.391768e+08 2.785235e+08 2.839623e+08 3.118982e+08 3.810182e+08 3.970610e+08 3.970625e+08 0.000000e+00
4.068893e+10 9.927089e+07 1.016419e+08 1.435364e+08 2.107641e+08 2.391114e+08 2.784641e+08 2.839012e+08 3.118254e+08 3.809111e+08 3.969448e+08 3.969463e+08 0.000000e+00
3.960229e+10 9.926227e+07 1.015254e+08 1.433215e+08 2.106829e+08 2.390464e+08 2.784045e+08 2.838400e+08 3.117524e+08 3.808038e+08 3.968283e+08 3.968298e+08 0.000000e+00
3.854662e+10 9.925354e+07 1.014133e+08 1.431092e+08 2.106020e+08 2.389812e+08 2.783442e+08 2.837780e+08 3.116784e+08 3.806951e+08 3.967103e+08 3.967118e+08 0.000000e+00
3.752287e+10 9.924472e+07 1.013056e+08 1.428999e+08 2.105216e+08 2.389160e+08 2.782833e+08 2.837153e+08 3.116037e+08 3.805854e+08 3.965912e+08 3.965927e+08 0.000000e+00
3.651896e+10 9.923589e+07 1.012028e+08 1.426952e+08 2.104422e+08 2.388511e+08 2.782222e+08 2.836525e+08 3.115288e+08 3.804753e+08 3.964718e+08 3.964733e+08 0.000000e+00
3.554549e+10 9.922700e+07 1.011044e+08 1.424941e+08 2.103636e+08 2.387863e+08 2.781607e+08 2.835892e+08 3.114533e+08 3.803645e+08 3.963516e+08 3.963531e+08 0.000000e+00
3.459797e+10 9.921799e+07 1.010094e+08 1.422951e+08 2.102850e+08 2.387212e+08 2.780984e+08 2.835250e+08 3.113768e+08 3.802522e+08 3.962297e+08 3.962312e+08 0.000000e+00
3.367737e+10 9.920895e+07 1.009187e+08 1.421002e+08 2.102073e+08 2.386564e+08 2.780358e+08 2.834606e+08 3.113000e+08 3.801394e+08 3.961073e+08 3.961088e+08 0.000000e+00
3.277802e+10 9.919988e+07 1.008322e+08 1.419095e+08 2.101306e+08 2.385918e+08 2.779731e+08 2.833960e+08 3.112229e+08 3.800264e+08 3.959846e+08 3.959861e+08 0.000000e+00
3.190427e+10 9.919071e+07 1.007487e+08 1.417212e+08 2.100540e+08 2.385271e+08 2.779096e+08 2.833306e+08 3.111449e+08 3.799119e+08 3.958605e+08 3.958620e+08 0.000000e+00
3.105720e+10 9.918145e+07 1.006685e+08 1.415357e+08 2.099779e+08 2.384621e+08 2.778454e+08 2.832645e+08 3.110661e+08 3.797964e+08 3.957351e+08 3.957366e+08 0.000000e+00
3.022602e+10 9.917217e+07 1.005920e+08 1.413543e+08 2.099026e+08 2.383976e+08 2.777811e+08 2.831982e+08 3.109871e+08 3.796805e+08 3.956095e+08 3.956110e+08 0.000000e+00
2.942029e+10 9.916284e+07 1.005185e+08 1.411762e+08 2.098280e+08 2.383330e+08 2.777164e+08 2.831315e+08 3.109076e+08 3.795640e+08 3.954831e+08 3.954846e+08 0.000000e+00
2.863604e+10 9.915337e+07 1.004476e+08 1.410000e+08 2.097534e+08 2.382681e+08 2.776508e+08 2.830639e+08 3.108270e+08 3.794458e+08 3.953549e+08 3.953564e+08 0.000000e+00
2.787387e+10 9.914387e+07 1.003797e+08 1.408275e+08 2.096795e+08 2.382033e+08 2.775850e+08 2.829960e+08 3.107460e+08 3.793271e+08 3.952262e+08 3.952277e+08 0.000000e+00
2.712971e+10 9.913436e+07 1.003149e+08 1.406589e+08 2.096065e+08 2.381389e+08 2.775189e+08 2.829279e+08 3.106648e+08 3.792083e+08 3.950973e+08 3.950988e+08 0.000000e+00
2.640652e+10 9.912472e+07 1.002522e+08 1.404923e+08 2.095336e+08 2.380741e+08 2.774521e+08 2.828590e+08 3.105826e+08 3.790879e+08 3.949668e+08 3.949683e+08 0.000000e+00
2.570578e+10 9.911500e+07 1.001919e+08 1.403283e+08 2.094609e+08 2.380091e+08 2.773847e+08 2.827894e+08 3.104997e+08 3.789664e+08 3.948351e+08 3.948366e+08 0.000000e+00
2.501747e+10 9.910526e+07 1.001342e+08 1.401680e+08 2.093891e+08 2.379444e+08 2.773171e+08 2.827197e+08 3.104165e+08 3.788447e+08 3.947032e+08 3.947047e+08 0.000000e+00
2.435058e+10 9.909546e+07 1.000787e+08 1.400106e+08 2.093177e+08 2.378797e+08 2.772490e+08 2.826494e+08 3.103328e+08 3.787222e+08 3.945704e+08 3.945719e+08 0.000000e+00
2.370148e+10 9.908552e+07 1.000250e+08 1.398549e+08 2.092462e+08 2.378144e+08 2.771800e+08 2.825782e+08 3.102479e+08 3.785980e+08 3.944357e+08 3.944372e+08 0.000000e+00
2.307034e+10 9.907556e+07 9.997346e+07 1.397025e+08 2.091755e+08 2.377494e+08 2.771107e+08 2.825068e+08 3.101627e+08 3.784734e+08 3.943007e+08 3.943022e+08 0.000000e+00
2.245472e+10 9.906557e+07 9.992410e+07 1.395536e+08 2.091054e+08 2.376846e+08 2.770414e+08 2.824351e+08 3.100773e+08 3.783486e+08 3.941654e+08 3.941669e+08 0.000000e+00
2.185615e+10 9.905545e+07 9.987625e+07 1.394065e+08 2.090353e+08 2.376194e+08 2.769711e+08 2.823626e+08 3.099908e+08 3.782221e+08 3.940284e+08 3.940299e+08 0.000000e+00
2.127654e+10 9.904525e+07 9.983005e+07 1.392617e+08 2.089655e+08 2.375539e+08 2.769002e+08 2.822894e+08 3.099036e+08 3.780946e+08 3.938903e+08 3.938918e+08 0.000000e+00
2.070646e+10 9.903503e+07 9.978572e+07 1.391202e+08 2.088963e+08 2.374887e+08 2.768291e+08 2.822160e+08 3.098161e+08 3.779669e+08 3.937519e+08 3.937534e+08 0.000000e+00
2.015449e+10 9.902473e+07 9.974292e+07 1.389812e+08 2.088275e+08 2.374234e+08 2.767576e+08 2.821421e+08 3.097281e+08 3.778383e+08 3.936126e+08 3.936141e+08 0.000000e+00
1.961724e+10 9.901430e+07 9.970129e+07 1.388437e+08 2.087585e+08 2.373575e+08 2.766850e+08 2.820672e+08 3.096388e+08 3.777079e+08 3.934714e+08 3.934729e+08 0.000000e+00
1.909452e+10 9.900383e+07 9.966128e+07 1.387092e+08 2.086901e+08 2.372918e+08 2.766123e+08 2.819920e+08 3.095492e+08 3.775772e+08 3.933298e+08 3.933313e+08 0.000000e+00
1.858532e+10 9.899335e+07 9.962278e+07 1.385778e+08 2.086224e+08 2.372264e+08 2.765394e+08 2.819167e+08 3.094595e+08 3.774463e+08 3.931881e+08 3.931896e+08 0.000000e+00
1.808990e+10 9.898273e+07 9.958529e+07 1.384479e+08 2.085544e+08 2.371603e+08 2.764655e+08 2.818404e+08 3.093686e+08 3.773137e+08 3.930445e+08 3.930459e+08 0.000000e+00
1.761054e+10 9.897202e+07 9.954896e+07 1.383201e+08 2.084867e+08 2.370940e+08 2.763911e+08 2.817635e+08 3.092770e+08 3.771800e+08 3.928997e+08 3.929012e+08 0.000000e+00
1.713832e+10 9.896129e+07 9.951394e+07 1.381952e+08 2.084196e+08 2.370280e+08 2.763165e+08 2.816864e+08 3.091851e+08 3.770461e+08 3.927548e+08 3.927563e+08 0.000000e+00
1.668147e+10 9.895048e+07 9.947995e+07 1.380723e+08 2.083526e+08 2.369617e+08 2.762413e+08 2.816087e+08 3.090925e+08 3.769113e+08 3.926088e+08 3.926102e+08 0.000000e+00
1.623696e+10 9.893951e+07 9.944676e+07 1.379509e+08 2.082854e+08 2.368948e+08 2.761651e+08 2.815299e+08 3.089987e+08 3.767746e+08 3.924608e+08 3.924623e+08 0.000000e+00
1.580398e+10 9.892853e+07 9.941471e+07 1.378321e+08 2.082187e+08 2.368280e+08 2.760887e+08 2.814510e+08 3.089047e+08 3.766377e+08 3.923126e+08 3.923141e+08 0.000000e+00
1.538270e+10 9.891752e+07 9.938371e+07 1.377160e+08 2.081526e+08 2.367615e+08 2.760122e+08 2.813719e+08 3.088105e+08 3.765005e+08 3.921642e+08 3.921657e+08 0.000000e+00
1.497265e+10 9.890635e+07 9.935335e+07 1.376011e+08 2.080862e+08 2.366942e+08 2.759346e+08 2.812917e+08 3.087150e+08 3.763615e+08 3.920138e+08 3.920153e+08 0.000000e+00
1.457566e+10 9.889511e+07 9.932381e+07 1.374882e+08 2.080199e+08 2.366268e+08 2.758565e+08 2.812109e+08 3.086188e+08 3.762215e+08 3.918624e+08 3.918638e+08 0.000000e+00
1.418504e+10 9.888384e+07 9.929519e+07 1.373778e+08 2.079542e+08 2.365595e+08 2.757782e+08 2.811299e+08 3.085224e+08 3.760813e+08 3.917108e+08 3.917122e+08 0.000000e+00
1.380692e+10 9.887248e+07 9.926725e+07 1.372691e+08 2.078884e+08 2.364919e+08 2.756993e+08 2.810483e+08 3.084252e+08 3.759400e+08 3.915579e+08 3.915594e+08 0.000000e+00
1.343933e+10 9.886097e+07 9.923983e+07 1.371617e+08 2.078224e+08 2.364236e+08 2.756193e+08 2.809656e+08 3.083267e+08 3.757969e+08 3.914031e+08 3.914046e+08 0.000000e+00
1.308064e+10 9.884943e+07 9.921321e+07 1.370567e+08 2.077569e+08 2.363555e+08 2.755392e+08 2.808827e+08 3.082281e+08 3.756536e+08 3.912482e+08 3.912497e+08 0.000000e+00
1.273195e+10 9.883786e+07 9.918730e+07 1.369538e+08 2.076918e+08 2.362875e+08 2.754588e+08 2.807996e+08 3.081292e+08 3.755100e+08 3.910929e+08 3.910944e+08 0.000000e+00
1.239256e+10 9.882612e+07 9.916179e+07 1.368520e+08 2.076263e+08 2.362187e+08 2.753774e+08 2.807154e+08 3.080290e+08 3.753645e+08 3.909355e+08 3.909369e+08 0.000000e+00
1.206368e+10 9.881431e+07 9.913684e+07 1.367520e+08 2.075609e+08 2.361497e+08 2.752954e+08 2.806306e+08 3.079281e+08 3.752180e+08 3.907772e+08 3.907786e+08 0.000000e+00
1.174068e+10 9.880248e+07 9.911254e+07 1.366542e+08 2.074960e+08 2.360809e+08 2.752133e+08 2.805456e+08 3.078270e+08 3.750715e+08 3.906187e+08 3.906202e+08 0.000000e+00
1.142771e+10 9.879053e+07 9.908866e+07 1.365578e+08 2.074309e+08 2.360116e+08 2.751304e+08 2.804599e+08 3.077250e+08 3.749235e+08 3.904588e+08 3.904603e+08 0.000000e+00
1.112376e+10 9.877843e+07 9.906512e+07 1.364625e+08 2.073656e+08 2.359417e+08 2.750465e+08 2.803731e+08 3.076218e+08 3.747739e+08 3.902971e+08 3.902986e+08 0.000000e+00
1.082658e+10 9.876631e+07 9.904213e+07 1.363693e+08 2.073007e+08 2.358719e+08 2.749625e+08 2.802862e+08 3.075184e+08 3.746242e+08 3.901353e+08 3.901367e+08 0.000000e+00
1.053798e+10 9.875414e+07 9.901962e+07 1.362779e+08 2.072360e+08 2.358021e+08 2.748782e+08 2.801990e+08 3.074147e+08 3.744739e+08 3.899729e+08 3.899744e+08 0.000000e+00
1.025707e+10 9.874180e+07 9.899732e+07 1.361873e+08 2.071708e+08 2.357315e+08 2.747927e+08 2.801105e+08 3.073095e+08 3.743216e+08 3.898083e+08 3.898098e+08 0.000000e+00
9.984908e+09 9.872942e+07 9.897548e+07 1.360987e+08 2.071060e+08 2.356609e+08 2.747070e+08 2.800219e+08 3.072041e+08 3.741690e+08 3.896435e+08 3.896450e+08 0.000000e+00
9.717522e+09 9.871707e+07 9.895418e+07 1.360123e+08 2.070418e+08 2.355907e+08 2.746216e+08 2.799335e+08 3.070990e+08 3.740169e+08 3.894793e+08 3.894807e+08 0.000000e+00
9.458486e+09 9.870460e+07 9.893312e+07 1.359271e+08 2.069774e+08 2.355200e+08 2.745354e+08 2.798442e+08 3.069929e+08 3.738635e+08 3.893136e+08 3.893151e+08 0.000000e+00
9.206354e+09 9.869194e+07 9.891221e+07 1.358426e+08 2.069126e+08 2.354485e+08 2.744479e+08 2.797537e+08 3.068853e+08 3.737079e+08 3.891457e+08 3.891472e+08 0.000000e+00
8.960943e+09 9.867911e+07 9.889141e+07 1.357589e+08 2.068472e+08 2.353762e+08 2.743592e+08 2.796619e+08 3.067762e+08 3.735503e+08 3.889755e+08 3.889770e+08 0.000000e+00
8.722075e+09 9.866608e+07 9.887073e+07 1.356759e+08 2.067814e+08 2.353031e+08 2.742693e+08 2.795689e+08 3.066655e+08 3.733905e+08 3.888031e+08 3.888045e+08 0.000000e+00
8.489732e+09 9.865313e+07 9.885056e+07 1.355953e+08 2.067163e+08 2.352305e+08 2.741799e+08 2.794763e+08 3.065556e+08 3.732318e+08 3.886317e+08 3.886332e+08 0.000000e+00
8.263270e+09 9.864026e+07 9.883088e+07 1.355170e+08 2.066521e+08 2.351587e+08 2.740911e+08 2.793845e+08 3.064465e+08 3.730743e+08 3.884617e+08 3.884632e+08 0.000000e+00
8.042999e+09 9.862721e+07 9.881126e+07 1.354394e+08 2.065874e+08 2.350860e+08 2.740011e+08 2.792914e+08 3.063359e+08 3.729148e+08 3.882896e+08 3.882910e+08 0.000000e+00
7.828599e+09 9.861397e+07 9.879170e+07 1.353625e+08 2.065222e+08 2.350125e+08 2.739099e+08 2.791969e+08 3.062238e+08 3.727532e+08 3.881151e+08 3.881166e+08 0.000000e+00
7.619915e+09 9.860054e+07 9.877217e+07 1.352861e+08 2.064564e+08 2.349381e+08 2.738174e+08 2.791012e+08 3.061102e+08 3.725893e+08 3.879383e+08 3.879398e+08 0.000000e+00
7.417680e+09 9.858697e+07 9.875275e+07 1.352107e+08 2.063903e+08 2.348631e+08 2.737240e+08 2.790045e+08 3.059954e+08 3.724240e+08 3.877599e+08 3.877614e+08 0.000000e+00
7.219086e+09 9.857348e+07 9.873375e+07 1.351375e+08 2.063250e+08 2.347888e+08 2.736313e+08 2.789086e+08 3.058814e+08 3.722599e+08 3.875829e+08 3.875844e+08 0.000000e+00
7.026650e+09 9.856003e+07 9.871506e+07 1.350660e+08 2.062603e+08 2.347148e+08 2.735388e+08 2.788128e+08 3.057678e+08 3.720963e+08 3.874066e+08 3.874080e+08 0.000000e+00
6.839343e+09 9.854637e+07 9.869636e+07 1.349950e+08 2.061950e+08 2.346399e+08 2.734451e+08 2.787158e+08 3.056526e+08 3.719305e+08 3.872278e+08 3.872293e+08 0.000000e+00
6.657029e+09 9.853251e+07 9.867763e+07 1.349246e+08 2.061290e+08 2.345641e+08 2.733500e+08 2.786174e+08 3.055358e+08 3.717625e+08 3.870467e+08 3.870482e+08 0.000000e+00
6.479575e+09 9.851845e+07 9.865887e+07 1.348546e+08 2.060625e+08 2.344873e+08 2.732535e+08 2.785176e+08 3.054173e+08 3.715922e+08 3.868632e+08 3.868646e+08 0.000000e+00
6.308497e+09 9.850432e+07 9.864025e+07 1.347858e+08 2.059960e+08 2.344104e+08 2.731567e+08 2.784174e+08 3.052984e+08 3.714213e+08 3.866790e+08 3.866804e+08 0.000000e+00
6.138731e+09 9.849027e+07 9.862197e+07 1.347190e+08 2.059302e+08 2.343342e+08 2.730606e+08 2.783178e+08 3.051804e+08 3.712518e+08 3.864962e+08 3.864977e+08 0.000000e+00
5.975093e+09 9.847619e+07 9.860384e+07 1.346533e+08 2.058646e+08 2.342578e+08 2.729642e+08 2.782181e+08 3.050620e+08 3.710819e+08 3.863132e+08 3.863146e+08 0.000000e+00
5.815817e+09 9.846189e+07 9.858564e+07 1.345880e+08 2.057983e+08 2.341806e+08 2.728664e+08 2.781169e+08 3.049421e+08 3.709098e+08 3.861277e+08 3.861291e+08 0.000000e+00
5.660787e+09 9.844738e+07 9.856736e+07 1.345231e+08 2.057314e+08 2.341023e+08 2.727673e+08 2.780143e+08 3.048205e+08 3.707354e+08 3.859397e+08 3.859411e+08 0.000000e+00
5.509889e+09 9.843265e+07 9.854900e+07 1.344587e+08 2.056638e+08 2.340231e+08 2.726668e+08 2.779102e+08 3.046972e+08 3.705586e+08 3.857492e+08 3.857507e+08 0.000000e+00
5.363885e+09 9.841793e+07 9.853082e+07 1.343956e+08 2.055965e+08 2.339441e+08 2.725664e+08 2.778064e+08 3.045741e+08 3.703821e+08 3.855591e+08 3.855606e+08 0.000000e+00
5.220054e+09 9.840331e+07 9.851293e+07 1.343342e+08 2.055300e+08 2.338657e+08 2.724668e+08 2.777032e+08 3.044518e+08 3.702070e+08 3.853706e+08 3.853721e+08 0.000000e+00
5.080905e+09 9.838856e+07 9.849503e+07 1.342735e+08 2.054632e+08 2.337868e+08 2.723664e+08 2.775993e+08 3.043287e+08 3.700307e+08 3.851807e+08 3.851822e+08 0.000000e+00
4.945465e+09 9.837358e+07 9.847702e+07 1.342131e+08 2.053957e+08 2.337069e+08 2.722646e+08 2.774939e+08 3.042038e+08 3.698519e+08 3.849884e+08 3.849898e+08 0.000000e+00
4.813635e+09 9.835838e+07 9.845889e+07 1.341530e+08 2.053275e+08 2.336260e+08 2.721614e+08 2.773871e+08 3.040772e+08 3.696708e+08 3.847934e+08 3.847948e+08 0.000000e+00
4.685320e+09 9.834296e+07 9.844064e+07 1.340932e+08 2.052586e+08 2.335441e+08 2.720567e+08 2.772788e+08 3.039488e+08 3.694873e+08 3.845959e+08 3.845973e+08 0.000000e+00
4.560463e+09 9.832763e+07 9.842263e+07 1.340350e+08 2.051904e+08 2.334628e+08 2.719527e+08 2.771711e+08 3.038214e+08 3.693052e+08 3.843999e+08 3.844013e+08 0.000000e+00
4.438859e+09 9.831239e+07 9.840487e+07 1.339783e+08 2.051229e+08 2.333822e+08 2.718496e+08 2.770644e+08 3.036949e+08 3.691245e+08 3.842055e+08 3.842069e+08 0.000000e+00
4.320534e+09 9.829694e+07 9.838697e+07 1.339218e+08 2.050547e+08 2.333006e+08 2.717450e+08 2.769561e+08 3.035668e+08 3.689415e+08 3.840087e+08 3.840101e+08 0.000000e+00
4.205363e+09 9.828125e+07 9.836891e+07 1.338655e+08 2.049858e+08 2.332179e+08 2.716390e+08 2.768464e+08 3.034368e+08 3.687561e+08 3.838092e+08 3.838106e+08 0.000000e+00
4.093262e+09 9.826533e+07 9.835071e+07 1.338095e+08 2.049160e+08 2.331342e+08 2.715315e+08 2.767351e+08 3.033051e+08 3.685682e+08 3.836071e+08 3.836085e+08 0.000000e+00
3.984723e+09 9.824925e+07 9.833244e+07 1.337540e+08 2.048459e+08 2.330498e+08 2.714231e+08 2.766229e+08 3.031723e+08 3.683788e+08 3.834035e+08 3.834049e+08 0.000000e+00
3.877945e+09 9.823328e+07 9.831439e+07 1.336998e+08 2.047765e+08 2.329662e+08 2.713154e+08 2.765115e+08 3.030405e+08 3.681910e+08 3.832015e+08 3.832029e+08 0.000000e+00
3.774572e+09 9.821733e+07 9.829646e+07 1.336468e+08 2.047074e+08 2.328828e+08 2.712081e+08 2.764004e+08 3.029090e+08 3.680037e+08 3.830001e+08 3.830015e+08 0.000000e+00
3.673955e+09 9.820113e+07 9.827836e+07 1.335938e+08 2.046376e+08 2.327983e+08 2.710992e+08 2.762878e+08 3.027758e+08 3.678140e+08 3.827961e+08 3.827975e+08 0.000000e+00
3.576019e+09 9.818470e+07 9.826008e+07 1.335411e+08 2.045669e+08 2.327127e+08 2.709889e+08 2.761735e+08 3.026406e+08 3.676217e+08 3.825894e+08 3.825909e+08 0.000000e+00
3.480695e+09 9.816801e+07 9.824161e+07 1.334884e+08 2.044954e+08 2.326260e+08 2.708770e+08 2.760577e+08 3.025037e+08 3.674268e+08 3.823801e+08 3.823815e+08 0.000000e+00
3.388859e+09 9.815126e+07 9.822316e+07 1.334365e+08 2.044239e+08 2.325391e+08 2.707647e+08 2.759416e+08 3.023664e+08 3.672316e+08 3.821703e+08 3.821717e+08 0.000000e+00
3.297601e+09 9.813463e+07 9.820491e+07 1.333859e+08 2.043532e+08 2.324529e+08 2.706534e+08 2.758264e+08 3.022302e+08 3.670381e+08 3.819623e+08 3.819637e+08 0.000000e+00
3.209698e+09 9.811791e+07 9.818666e+07 1.333358e+08 2.042823e+08 2.323665e+08 2.705417e+08 2.757107e+08 3.020936e+08 3.668440e+08 3.817537e+08 3.817551e+08 0.000000e+00
3.124138e+09 9.810094e+07 9.816820e+07 1.332858e+08 2.042106e+08 2.322789e+08 2.704284e+08 2.755934e+08 3.019551e+08 3.666474e+08 3.815425e+08 3.815439e+08 0.000000e+00
3.040859e+09 9.808372e+07 9.814954e+07 1.332359e+08 2.041380e+08 2.321902e+08 2.703135e+08 2.754746e+08 3.018147e+08 3.664482e+08 3.813284e+08 3.813298e+08 0.000000e+00
2.959800e+09 9.806623e+07 9.813067e+07 1.331861e+08 2.040645e+08 2.321003e+08 2.701970e+08 2.753540e+08 3.016724e+08 3.662463e+08 3.811116e+08 3.811130e+08 0.000000e+00
2.881228e+09 9.804878e+07 9.811191e+07 1.331372e+08 2.039915e+08 2.320107e+08 2.700809e+08 2.752339e+08 3.015306e+08 3.660452e+08 3.808957e+08 3.808971e+08 0.000000e+00
2.804106e+09 9.803145e+07 9.809334e+07 1.330894e+08 2.039191e+08 2.319219e+08 2.699658e+08 2.751148e+08 3.013899e+08 3.658459e+08 3.806816e+08 3.806830e+08 0.000000e+00
2.729358e+09 9.801394e+07 9.807463e+07 1.330418e+08 2.038462e+08 2.318324e+08 2.698496e+08 2.749945e+08 3.012479e+08 3.656447e+08 3.804657e+08 3.804671e+08 0.000000e+00
2.656602e+09 9.799615e+07 9.805569e+07 1.329942e+08 2.037724e+08 2.317416e+08 2.697317e+08 2.748725e+08 3.011040e+08 3.654409e+08 3.802470e+08 3.802484e+08 0.000000e+00
2.585786e+09 9.797810e+07 9.803653e+07 1.329467e+08 2.036976e+08 2.316496e+08 2.696122e+08 2.747489e+08 3.009581e+08 3.652344e+08 3.800254e+08 3.800268e+08 0.000000e+00
2.516999e+09 9.795981e+07 9.801717e+07 1.328992e+08 2.036222e+08 2.315566e+08 2.694913e+08 2.746238e+08 3.008105e+08 3.650257e+08 3.798014e+08 3.798028e+08 0.000000e+00
2.449767e+09 9.794164e+07 9.799800e+07 1.328528e+08 2.035474e+08 2.314643e+08 2.693714e+08 2.744997e+08 3.006641e+08 3.648187e+08 3.795793e+08 3.795807e+08 0.000000e+00
2.384464e+09 9.792355e+07 9.797896e+07 1.328072e+08 2.034732e+08 2.313726e+08 2.692522e+08 2.743764e+08 3.005186e+08 3.646132e+08 3.793587e+08 3.793601e+08 0.000000e+00
2.320902e+09 9.790519e+07 9.795968e+07 1.327616e+08 2.033980e+08 2.312797e+08 2.691314e+08 2.742514e+08 3.003712e+08 3.644049e+08 3.791353e+08 3.791367e+08 0.000000e+00
2.259035e+09 9.788654e+07 9.794016e+07 1.327160e+08 2.033219e+08 2.311855e+08 2.690088e+08 2.741246e+08 3.002218e+08 3.641940e+08 3.789090e+08 3.789104e+08 0.000000e+00
2.198817e+09 9.786762e+07 9.792039e+07 1.326703e+08 2.032449e+08 2.310900e+08 2.688846e+08 2.739961e+08 3.000703e+08 3.639802e+08 3.786797e+08 3.786811e+08 0.000000e+00
2.140688e+09 9.784857e+07 9.790054e+07 1.326249e+08 2.031675e+08 2.309941e+08 2.687598e+08 2.738670e+08 2.999181e+08 3.637655e+08 3.784494e+08 3.784508e+08 0.000000e+00
2.083153e+09 9.782964e+07 9.788086e+07 1.325805e+08 2.030909e+08 2.308990e+08 2.686359e+08 2.737388e+08 2.997671e+08 3.635525e+08 3.782211e+08 3.782225e+08 0.000000e+00
2.027623e+09 9.781069e+07 9.786119e+07 1.325365e+08 2.030143e+08 2.308039e+08 2.685120e+08 2.736106e+08 2.996161e+08 3.633397e+08 3.779929e+08 3.779943e+08 0.000000e+00
1.973573e+09 9.779144e+07 9.784127e+07 1.324925e+08 2.029367e+08 2.307075e+08 2.683863e+08 2.734806e+08 2.994630e+08 3.631240e+08 3.777617e+08 3.777631e+08 0.000000e+00
1.920964e+09 9.777191e+07 9.782107e+07 1.324483e+08 2.028582e+08 2.306097e+08 2.682590e+08 2.733489e+08 2.993079e+08 3.629056e+08 3.775276e+08 3.775290e+08 0.000000e+00
1.869758e+09 9.775207e+07 9.780061e+07 1.324041e+08 2.027786e+08 2.305107e+08 2.681299e+08 2.732153e+08 2.991507e+08 3.626842e+08 3.772904e+08 3.772918e+08 0.000000e+00
1.820249e+09 9.773223e+07 9.778019e+07 1.323604e+08 2.026993e+08 2.304118e+08 2.680010e+08 2.730820e+08 2.989937e+08 3.624634e+08 3.770538e+08 3.770552e+08 0.000000e+00
1.771404e+09 9.771253e+07 9.775994e+07 1.323175e+08 2.026206e+08 2.303138e+08 2.678731e+08 2.729497e+08 2.988380e+08 3.622445e+08 3.768193e+08 3.768206e+08 0.000000e+00
1.724184e+09 9.769266e+07 9.773955e+07 1.322748e+08 2.025415e+08 2.302151e+08 2.677444e+08 2.728166e+08 2.986813e+08 3.620243e+08 3.765833e+08 3.765847e+08 0.000000e+00
1.678223e+09 9.767249e+07 9.771889e+07 1.322319e+08 2.024613e+08 2.301151e+08 2.676139e+08 2.726817e+08 2.985225e+08 3.618011e+08 3.763443e+08 3.763456e+08 0.000000e+00
1.633487e+09 9.765201e+07 9.769794e+07 1.321889e+08 2.023801e+08 2.300138e+08 2.674816e+08 2.725449e+08 2.983615e+08 3.615751e+08 3.761022e+08 3.761036e+08 0.000000e+00
1.589952e+09 9.763122e+07 9.767671e+07 1.321457e+08 2.022979e+08 2.299110e+08 2.673475e+08 2.724062e+08 2.981983e+08 3.613462e+08 3.758570e+08 3.758584e+08 0.000000e+00
1.547561e+09 9.761057e+07 9.765565e+07 1.321033e+08 2.022164e+08 2.298091e+08 2.672145e+08 2.722687e+08 2.980366e+08 3.611193e+08 3.756140e+08 3.756154e+08 0.000000e+00
1.506308e+09 9.759006e+07 9.763477e+07 1.320616e+08 2.021356e+08 2.297081e+08 2.670827e+08 2.721323e+08 2.978762e+08 3.608944e+08 3.753733e+08 3.753747e+08 0.000000e+00
1.466155e+09 9.756924e+07 9.761360e+07 1.320197e+08 2.020537e+08 2.296057e+08 2.669490e+08 2.719940e+08 2.977137e+08 3.606667e+08 3.751295e+08 3.751308e+08 0.000000e+00
1.427072e+09 9.754810e+07 9.759213e+07 1.319776e+08 2.019708e+08 2.295019e+08 2.668134e+08 2.718538e+08 2.975491e+08 3.604360e+08 3.748825e+08 3.748839e+08 0.000000e+00
1.389031e+09 9.752663e+07 9.757036e+07 1.319353e+08 2.018868e+08 2.293967e+08 2.666761e+08 2.717118e+08 2.973821e+08 3.602024e+08 3.746324e+08 3.746338e+08 0.000000e+00
1.352264e+09 9.750500e+07 9.754845e+07 1.318931e+08 2.018023e+08 2.292909e+08 2.665378e+08 2.715688e+08 2.972142e+08 3.599673e+08 3.743808e+08 3.743822e+08 0.000000e+00
1.315965e+09 9.748351e+07 9.752671e+07 1.318516e+08 2.017186e+08 2.291859e+08 2.664007e+08 2.714270e+08 2.970476e+08 3.597343e+08 3.741315e+08 3.741329e+08 0.000000e+00
1.280885e+09 9.746201e+07 9.750498e+07 1.318105e+08 2.016350e+08 2.290810e+08 2.662638e+08 2.712855e+08 2.968814e+08 3.595018e+08 3.738827e+08 3.738841e+08 0.000000e+00
1.246741e+09 9.744019e+07 9.748295e+07 1.317692e+08 2.015503e+08 2.289747e+08 2.661250e+08 2.711420e+08 2.967130e+08 3.592663e+08 3.736307e+08 3.736321e+08 0.000000e+00
1.213507e+09 9.741803e+07 9.746061e+07 1.317276e+08 2.014644e+08 2.288670e+08 2.659843e+08 2.709965e+08 2.965423e+08 3.590277e+08 3.733755e+08 3.733769e+08 0.000000e+00
1.181159e+09 9.739553e+07 9.743795e+07 1.316858e+08 2.013775e+08 2.287578e+08 2.658417e+08 2.708491e+08 2.963692e+08 3.587861e+08 3.731171e+08 3.731184e+08 0.000000e+00
1.149913e+09 9.737302e+07 9.741530e+07 1.316443e+08 2.012906e+08 2.286487e+08 2.656993e+08 2.707018e+08 2.961964e+08 3.585448e+08 3.728590e+08 3.728604e+08 0.000000e+00
1.119027e+09 9.735067e+07 9.739282e+07 1.316034e+08 2.012045e+08 2.285405e+08 2.655580e+08 2.705558e+08 2.960251e+08 3.583058e+08 3.726035e+08 3.726048e+08 0.000000e+00
1.089197e+09 9.732814e+07 9.737020e+07 1.315626e+08 2.011179e+08 2.284318e+08 2.654160e+08 2.704089e+08 2.958528e+08 3.580657e+08 3.723466e+08 3.723480e+08 0.000000e+00
1.060163e+09 9.730527e+07 9.734725e+07 1.315216e+08 2.010302e+08 2.283216e+08 2.652720e+08 2.702601e+08 2.956782e+08 3.578224e+08 3.720865e+08 3.720878e+08 0.000000e+00
1.031903e+09 9.728206e+07 9.732398e+07 1.314802e+08 2.009413e+08 2.282098e+08 2.651260e+08 2.701092e+08 2.955012e+08 3.575759e+08 3.718231e+08 3.718244e+08 0.000000e+00
1.004396e+09 9.725848e+07 9.730036e+07 1.314385e+08 2.008512e+08 2.280965e+08 2.649781e+08 2.699562e+08 2.953219e+08 3.573263e+08 3.715562e+08 3.715576e+08 0.000000e+00
